O:503608 and computed:503608  and if feasible=1
T:32.720000s
s:3 1 5 4 7 1 17 10 7 2 17 11 14 3 11 14 6 4 17 17 8 13 4 5 6 15 9 16 13 1 11 10 14 6 7 9 12 10 9 2 14 5 16 8 16 2 15 8 1 9 2 10 10 7 14 5 12 13 15 8 3 16 11 2 16 9 4 3 15 11 6 1 12 13 12 
t:2 6 17 10 1 13 6 12 15 3 15 11 13 10 2 5 17 16 17 17 9 8 14 12 7 7 8 3 2 4 7 2 7 9 13 9 4 1 2 11 5 8 3 14 11 16 14 10 11 6 10 15 6 12 1 13 16 12 9 8 3 14 8 13 4 16 3 4 5 15 5 16 1 6 15 
***********
O:503420 and computed:503420  and if feasible=1
T:125.130000s
s:4 3 6 5 11 4 17 12 13 3 12 8 17 5 14 15 7 6 12 16 10 11 5 5 8 10 16 10 14 2 15 15 18 7 8 6 14 9 9 2 18 8 18 11 15 3 17 7 2 9 4 12 10 14 10 7 13 13 17 9 3 17 16 4 18 15 4 2 12 16 6 3 11 13 16 
t:4 15 18 7 3 14 10 16 18 5 17 12 16 13 3 6 11 16 12 10 9 8 15 16 7 8 10 2 2 5 17 3 9 14 12 8 5 4 4 11 8 11 4 10 15 17 17 11 14 6 13 12 7 14 2 11 9 13 7 16 3 9 10 15 4 15 3 5 6 13 6 18 2 7 18 
***********
O:503589 and computed:503589  and if feasible=1
T:159.580000s
s:14 17 14 15 8 17 2 8 8 17 7 12 3 15 6 5 12 15 8 4 8 10 16 14 12 9 4 10 6 18 5 4 3 12 13 13 6 11 11 16 2 16 3 10 5 18 2 13 17 11 18 9 9 6 10 13 7 7 3 11 18 3 5 16 2 4 18 14 9 5 15 17 9 7 4 
t:16 5 2 10 17 3 12 4 2 15 3 8 5 7 18 15 6 4 10 9 11 11 4 5 13 12 12 13 16 14 3 18 11 6 6 12 17 17 16 9 14 9 16 10 5 2 2 8 7 14 8 8 13 6 16 9 11 9 12 4 14 7 10 4 18 5 18 15 15 7 13 3 17 13 2 
***********
O:503558 and computed:503558  and if feasible=1
T:123.480000s
s:3 2 5 4 9 3 17 10 8 1 13 9 14 3 11 15 6 5 15 16 10 10 9 4 7 15 8 15 13 2 11 11 17 6 7 5 13 14 7 1 15 4 17 8 16 3 14 6 1 10 4 11 9 8 12 6 12 13 16 7 2 16 10 2 17 9 2 1 14 11 5 3 12 12 16 
t:3 8 17 6 3 12 9 10 17 3 16 10 16 11 1 5 17 16 14 14 9 7 15 12 6 7 8 1 2 4 8 3 7 12 13 7 4 2 2 12 9 8 3 15 10 16 14 10 11 5 11 14 6 13 1 12 15 13 6 8 2 15 9 11 4 16 2 4 5 13 5 17 1 6 14 
***********
O:504095 and computed:504095  and if feasible=1
T:62.160000s
s:14 16 13 15 12 17 1 9 10 16 5 8 10 17 7 3 11 14 3 3 8 7 15 13 12 5 9 3 4 16 7 8 1 11 10 12 4 5 9 12 1 14 2 11 2 17 1 11 16 9 16 8 7 9 4 13 6 4 2 10 15 2 6 17 2 8 15 13 5 7 14 17 6 6 3 
t:17 11 1 8 17 4 10 6 1 17 1 7 3 7 15 13 2 2 5 10 8 9 3 6 12 11 8 12 16 14 9 17 10 8 4 9 16 16 17 7 13 10 15 3 7 2 1 9 12 14 6 5 11 4 14 6 5 5 11 11 15 3 12 8 15 2 15 14 13 4 13 2 16 10 5 
***********
O:503654 and computed:503654  and if feasible=1
T:68.430000s
s:16 17 14 15 9 16 2 8 7 18 7 11 3 16 6 5 13 14 8 4 8 9 11 15 12 10 5 11 6 17 5 4 2 13 12 14 6 10 12 18 2 15 3 8 5 16 3 13 18 11 15 8 11 7 10 13 6 7 3 12 17 3 5 17 2 4 17 18 10 4 14 16 9 9 4 
t:16 5 2 13 16 6 11 3 2 16 2 8 4 8 18 14 7 3 9 8 11 12 5 4 13 12 10 18 17 15 4 16 12 6 7 12 15 17 17 9 11 8 16 10 5 3 2 9 6 14 7 9 13 6 18 10 10 10 13 3 17 9 11 5 15 5 17 15 14 7 14 4 18 13 3 
***********
O:503631 and computed:503631  and if feasible=1
T:46.020000s
s:15 18 14 15 10 17 3 9 11 17 2 10 9 16 8 4 13 14 2 2 9 8 9 15 12 3 11 3 6 18 8 10 5 13 12 14 5 7 12 18 4 16 4 11 3 18 4 13 18 10 17 8 8 11 7 13 6 5 6 12 16 3 7 17 2 10 15 16 4 9 14 17 7 6 5 
t:17 11 2 13 17 6 10 9 5 16 4 8 5 9 17 14 2 3 2 2 10 12 6 7 13 12 11 16 17 15 11 18 12 9 5 12 15 18 17 5 10 11 16 4 7 3 4 8 9 14 8 6 13 7 18 7 3 6 13 11 15 5 10 8 16 3 16 15 14 4 14 3 18 13 6 
***********
O:503444 and computed:503444  and if feasible=1
T:91.690000s
s:3 2 5 4 10 3 16 11 12 3 11 8 16 3 13 14 6 5 11 15 9 10 8 4 7 9 15 9 13 1 14 14 17 6 7 5 13 8 7 1 17 4 17 10 14 2 16 6 1 8 4 11 9 13 9 6 12 12 16 7 2 16 15 3 17 14 2 2 11 15 5 1 10 12 15 
t:3 14 17 6 2 13 8 15 17 3 16 11 15 11 2 5 12 15 10 10 8 7 14 15 6 7 9 1 1 4 16 2 7 13 12 7 4 3 3 10 8 10 3 9 14 16 16 10 13 5 12 11 6 13 1 9 9 9 6 15 2 12 8 14 4 14 2 4 5 11 5 17 1 6 17 
***********
O:503609 and computed:503609  and if feasible=1
T:81.120000s
s:15 16 13 14 10 14 1 7 9 16 2 9 8 15 6 3 12 14 1 1 9 6 11 13 12 2 11 2 5 17 7 9 4 12 11 11 4 6 9 17 3 13 3 10 1 14 3 12 17 10 16 7 8 8 6 13 5 5 4 10 16 2 7 15 2 8 16 15 3 8 14 17 7 5 4 
t:15 10 1 8 16 5 10 8 2 15 3 7 4 8 16 13 1 4 1 2 9 11 5 7 12 10 12 17 17 14 9 16 11 9 4 11 14 15 15 6 12 9 15 3 7 2 3 6 8 13 6 4 12 6 17 7 2 5 11 12 16 4 10 5 14 1 16 14 13 3 13 2 17 10 5 
***********
O:503788 and computed:503788  and if feasible=1
T:164.620000s
s:17 19 15 16 13 19 4 11 12 18 4 11 8 17 9 6 14 16 3 4 10 10 16 15 14 5 13 3 7 19 8 10 6 14 12 13 7 8 11 18 6 15 4 11 3 18 5 11 19 12 18 9 10 13 7 15 8 7 5 12 17 3 9 18 4 10 16 17 6 9 14 19 9 5 6 
t:18 14 4 11 19 8 13 8 4 17 5 9 5 8 18 15 3 5 4 4 11 14 6 9 13 13 12 17 18 16 14 18 12 10 7 11 16 19 18 10 15 12 17 6 9 4 6 10 10 14 8 5 13 7 19 9 3 7 11 13 17 6 12 10 16 3 17 16 15 7 15 3 19 12 5 
***********
ArgT:954.950000s argtime:95.495000s
ArgO:5036396 argvalue:503639.600000
