O:961419 and computed:961419  and if feasible=1
T:20.920000s
s:5 1 18 0 16 13 0 19 16 5 14 3 4 12 14 5 7 11 14 16 0 10 0 4 9 6 6 7 8 9 14 15 3 7 12 5 12 11 11 12 8 7 17 4 8 6 10 18 3 14 2 9 10 1 15 16 15 4 9 2 8 18 11 13 18 6 9 8 3 2 13 0 4 17 9 10 17 18 7 13 13 2 17 15 14 16 2 19 1 11 13 1 18 17 3 6 15 1 12 10 
t:7 11 6 13 2 11 13 3 1 11 16 14 3 7 6 16 15 10 12 4 3 7 1 12 14 5 15 13 5 1 10 1 11 13 4 8 17 8 15 6 1 9 17 13 5 9 7 2 5 11 0 8 2 16 16 19 19 5 10 18 4 1 10 0 18 14 3 17 7 9 18 6 12 8 8 9 18 4 6 10 12 14 5 16 0 2 17 8 15 3 2 19 18 18 12 15 9 4 17 15 
***********
O:961508 and computed:961508  and if feasible=1
T:58.900000s
s:12 18 2 18 2 4 19 0 3 13 3 14 14 6 2 16 14 15 4 1 16 10 19 13 9 11 8 12 6 6 4 4 15 10 9 13 11 9 10 8 9 8 1 18 8 11 6 2 16 5 14 17 12 16 2 4 4 17 5 17 5 1 7 3 0 10 9 11 15 17 5 17 14 1 7 13 1 0 12 5 6 18 3 7 11 3 18 0 15 12 6 16 0 2 15 7 7 17 8 10 
t:11 11 12 5 17 7 4 18 16 16 2 4 15 10 7 1 2 9 5 13 15 5 18 12 6 13 6 8 15 18 4 16 9 7 14 9 3 14 3 12 15 5 1 3 15 7 11 17 14 6 17 8 16 3 2 0 1 13 10 1 14 17 11 19 1 4 17 2 8 10 0 9 7 9 8 12 1 16 13 11 8 10 13 6 18 19 2 12 5 15 18 0 6 2 8 3 14 13 0 9 
***********
O:961752 and computed:961752  and if feasible=1
T:59.130000s
s:6 1 18 0 16 14 0 18 15 7 15 3 3 13 16 9 10 4 14 17 2 7 0 9 8 11 9 9 7 11 14 14 2 4 12 6 11 10 9 10 5 12 16 1 5 6 12 17 2 14 4 10 8 2 16 16 15 3 11 1 7 19 12 15 18 8 8 6 5 1 11 4 5 17 10 4 17 18 6 13 13 1 16 13 10 15 0 18 3 8 14 2 18 17 0 5 13 3 12 7 
t:10 11 7 13 3 10 15 2 2 10 17 15 2 9 9 16 13 8 13 9 0 8 1 8 14 6 13 12 7 0 15 3 12 11 6 5 16 7 13 9 2 11 16 14 3 12 10 1 4 5 3 6 2 17 17 18 19 4 8 19 4 1 9 0 18 15 4 16 5 3 17 7 12 12 6 6 18 4 5 8 10 11 5 14 1 0 16 6 14 1 0 18 18 18 12 14 7 5 17 13 
***********
O:959720 and computed:959720  and if feasible=1
T:159.550000s
s:14 19 1 18 4 7 19 0 2 16 5 16 14 4 3 16 9 7 4 2 19 11 16 15 9 8 13 15 11 11 1 9 17 12 6 13 7 5 9 8 11 10 3 14 12 13 8 3 15 6 16 10 15 19 3 4 7 17 10 18 14 1 4 5 1 13 11 12 15 18 8 14 13 3 12 10 1 2 11 7 4 17 6 8 2 5 18 1 17 9 6 19 3 2 17 12 5 18 6 10 
t:11 6 16 7 18 6 7 14 19 9 3 4 15 13 16 2 2 10 6 15 17 12 19 8 5 13 1 8 16 19 9 19 5 8 14 12 5 10 9 14 19 11 2 5 14 11 8 18 16 9 17 12 18 5 2 1 1 13 10 0 14 19 8 18 1 4 17 3 15 11 3 12 6 11 12 13 1 13 12 10 9 4 15 7 18 16 3 15 3 17 17 1 6 2 7 4 10 15 2 7 
***********
O:962325 and computed:962325  and if feasible=1
T:159.730000s
s:2 0 19 1 17 11 0 18 16 7 13 3 3 13 17 8 10 12 16 18 4 9 2 2 11 10 9 9 7 7 15 12 4 7 13 6 12 11 11 14 6 8 15 2 5 6 10 18 3 14 4 9 4 1 15 16 15 8 13 4 5 18 12 15 18 8 10 5 6 3 6 5 1 17 7 11 17 18 5 12 14 2 15 14 10 14 1 19 3 13 16 0 19 17 1 8 16 5 9 9 
t:8 11 4 11 7 12 11 6 2 10 15 16 3 9 7 17 15 10 13 0 2 6 0 14 16 5 16 13 8 0 10 5 9 13 1 8 15 10 11 8 1 6 17 12 3 8 10 2 4 12 4 6 3 15 18 18 19 6 13 18 3 0 9 1 18 14 7 17 4 9 17 7 13 8 5 5 18 7 5 11 12 14 1 14 1 2 16 4 16 3 1 19 17 19 9 15 5 2 18 12 
***********
O:963150 and computed:963150  and if feasible=1
T:195.850000s
s:12 19 1 19 2 5 19 2 2 13 3 15 13 7 3 15 13 16 5 4 17 15 17 14 11 7 14 12 7 15 8 6 14 10 8 13 12 9 11 9 16 11 3 19 6 11 6 0 17 4 12 8 9 14 3 3 4 16 5 16 5 1 9 6 0 7 7 10 17 16 15 17 18 1 8 10 2 0 12 11 8 18 3 8 10 4 18 1 15 9 4 14 1 2 18 18 5 17 6 10 
t:11 10 12 11 18 3 4 17 15 10 3 4 14 7 15 2 2 7 5 13 18 5 19 9 5 12 8 6 13 19 7 16 9 15 13 10 3 11 6 12 13 6 3 6 14 6 12 16 13 17 17 10 16 4 2 2 1 15 8 1 15 18 9 18 1 4 16 2 6 14 0 11 7 12 7 11 0 17 18 9 8 9 10 8 19 16 1 8 5 14 19 1 3 2 14 5 10 18 1 13 
***********
O:960971 and computed:960971  and if feasible=1
T:42.400000s
s:6 1 18 1 17 13 1 19 17 7 14 3 4 14 16 5 12 10 16 18 4 11 0 5 8 13 6 9 8 7 16 15 3 9 14 7 12 11 10 12 9 13 17 1 8 6 10 18 2 14 4 0 6 4 18 15 15 7 10 2 8 19 12 15 19 8 9 6 3 2 9 5 5 19 7 11 17 18 5 13 12 2 16 14 10 16 1 19 3 11 16 3 18 17 2 5 15 4 13 11 
t:11 12 5 13 3 10 12 1 4 10 15 16 3 9 6 17 16 8 13 5 2 8 1 11 15 5 14 14 8 1 18 4 13 13 7 9 16 9 15 6 4 9 18 14 4 9 13 2 5 10 3 8 2 17 16 19 19 6 11 19 4 2 11 0 19 16 5 17 6 12 18 7 14 8 8 7 19 7 6 11 10 12 4 15 1 2 17 6 17 3 1 19 14 18 10 15 7 3 18 14 
***********
O:961039 and computed:961039  and if feasible=1
T:115.450000s
s:12 18 1 17 2 5 19 2 3 12 4 16 15 5 2 14 8 8 3 1 17 8 16 14 10 8 11 11 12 5 2 4 15 14 6 12 7 8 9 9 13 6 2 15 13 13 7 1 16 5 14 16 10 17 1 3 4 9 7 15 11 0 7 4 1 10 10 14 16 16 7 15 13 1 11 9 0 0 11 6 6 17 5 3 9 3 18 0 17 10 5 18 0 2 18 13 4 18 6 11 
t:8 8 14 6 17 9 7 15 17 10 5 3 16 11 13 2 2 10 5 12 17 12 18 10 5 13 2 4 10 18 1 18 8 6 12 9 4 9 3 11 19 7 1 6 15 14 6 16 14 12 16 13 17 3 2 1 0 13 9 0 15 18 9 18 0 4 14 2 11 7 1 12 6 5 13 11 0 11 13 10 8 7 16 5 17 16 3 10 3 15 18 0 2 1 8 4 15 14 0 4 
***********
O:960730 and computed:960730  and if feasible=1
T:26.200000s
s:5 0 18 0 15 14 0 18 15 5 15 3 4 13 16 4 6 7 16 16 0 8 0 4 7 7 9 6 13 10 13 11 3 10 10 5 8 11 9 10 9 8 17 1 11 5 13 16 3 14 4 6 8 2 18 14 15 3 14 3 13 18 11 14 18 9 10 6 2 2 13 0 4 17 12 7 17 18 6 12 12 1 15 12 7 16 1 19 2 9 16 1 17 17 2 6 12 1 11 8 
t:6 8 5 12 2 12 15 0 1 7 17 15 3 9 5 16 15 11 14 4 1 13 0 9 15 5 12 11 4 0 13 2 11 8 4 10 16 6 13 6 2 13 16 13 3 14 7 3 5 9 0 9 1 17 17 18 19 4 10 18 4 1 8 0 18 14 3 16 11 7 17 6 12 10 11 8 18 7 5 8 11 10 4 12 1 2 16 7 14 3 2 18 15 18 10 14 6 2 17 9 
***********
O:959988 and computed:959988  and if feasible=1
T:89.670000s
s:5 1 18 1 18 14 1 19 16 6 15 3 5 14 17 4 11 12 15 18 1 10 1 4 10 12 7 6 9 9 17 14 4 8 13 8 11 13 10 12 9 10 17 2 7 7 12 17 4 15 2 8 6 3 19 16 16 8 9 5 8 19 12 15 19 7 9 6 2 3 11 1 5 18 6 10 18 19 5 14 14 2 17 13 13 16 2 19 3 11 14 3 16 17 4 7 15 0 13 11 
t:10 12 5 14 2 13 14 2 2 10 17 16 4 8 8 17 16 9 14 5 3 7 1 12 15 5 17 12 7 1 18 3 13 11 6 8 16 9 13 6 3 9 18 15 5 7 11 4 5 11 1 8 3 18 18 19 19 7 10 19 2 0 10 1 19 15 4 17 6 10 17 7 13 9 6 6 19 8 7 11 12 13 3 14 1 3 16 6 15 4 2 19 15 14 12 16 9 4 18 11 
***********
ArgT:927.800000s argtime:92.780000s
ArgO:9612602 argvalue:961260.200000
