O:1043552 and computed:1043552  and if feasible=1
T:141.990000s
s:22 11 13 4 11 16 6 21 2 8 24 21 20 2 7 22 8 13 4 18 9 24 3 24 23 3 11 8 11 10 12 16 19 7 7 14 18 12 13 19 1 14 22 16 23 19 17 4 23 5 22 20 18 14 20 19 15 17 10 5 13 23 17 5 21 12 21 6 7 21 15 6 15 10 23 10 17 5 3 20 10 4 14 13 7 16 15 18 2 8 2 12 6 18 9 9 20 3 24 9 
t:21 19 15 14 8 7 9 11 5 21 15 2 10 12 12 18 15 5 23 4 7 10 17 7 2 6 17 25 22 10 13 18 24 4 23 2 16 11 4 22 12 23 15 17 3 6 20 4 10 8 19 8 17 3 20 14 9 20 24 17 20 5 22 24 19 16 21 18 16 16 3 11 13 25 3 5 5 2 22 8 20 22 21 6 23 24 9 14 23 14 7 6 13 12 13 18 9 13 19 3 
***********
O:1043365 and computed:1043365  and if feasible=1
T:199.640000s
s:22 13 13 5 13 16 8 21 2 4 23 22 21 3 8 23 4 15 2 20 10 22 2 24 24 7 9 7 10 15 12 14 18 9 3 15 17 10 13 19 2 17 21 17 22 20 18 6 25 3 23 20 18 17 22 18 15 16 11 9 12 21 19 6 21 11 16 7 4 23 14 6 12 13 24 11 11 2 3 19 14 5 14 11 7 17 16 20 8 5 6 12 9 20 5 8 19 4 24 10 
t:19 19 13 17 5 7 4 11 3 23 14 10 15 15 12 19 16 4 24 3 4 9 21 8 2 7 17 21 22 14 13 17 23 5 25 2 16 9 6 22 11 24 12 10 2 9 20 2 15 4 17 6 13 3 18 12 10 22 24 18 19 6 22 23 18 16 23 18 18 14 3 11 13 24 6 3 5 8 22 4 21 21 20 9 24 21 15 14 25 8 7 8 13 12 10 20 7 16 20 5 
***********
O:1042770 and computed:1042770  and if feasible=1
T:90.210000s
s:5 15 12 22 14 11 22 4 24 17 3 5 17 23 18 3 16 9 17 6 14 5 25 2 2 24 19 19 15 20 13 10 8 17 19 14 9 10 13 7 23 12 2 10 4 6 8 21 4 18 2 6 8 12 5 8 11 10 18 22 14 4 7 19 5 13 9 20 20 4 11 22 13 18 3 17 9 21 23 7 16 21 12 9 21 12 11 6 24 16 24 15 20 6 18 16 7 23 3 15 
t:6 8 12 11 15 21 19 15 17 4 10 23 18 14 14 8 12 17 2 22 17 17 9 20 24 19 10 5 5 20 13 8 3 25 2 24 11 20 22 4 14 2 10 10 23 21 9 22 19 18 11 18 9 24 8 11 15 7 3 7 7 21 2 3 7 12 5 7 16 9 23 16 13 2 22 23 18 24 9 17 6 4 5 23 4 3 16 12 4 20 19 21 13 14 13 6 16 13 6 24 
***********
O:1044469 and computed:1044469  and if feasible=1
T:180.670000s
s:24 14 15 4 11 16 9 22 3 5 23 21 4 2 12 24 7 15 11 21 11 22 2 23 22 3 7 8 13 12 5 14 16 11 9 4 18 17 19 19 2 5 22 13 22 20 17 6 25 6 23 20 14 18 20 19 18 16 12 5 15 21 18 8 21 17 18 10 10 23 21 7 14 6 24 11 17 9 2 20 10 7 13 15 12 15 10 20 3 8 3 4 12 16 8 13 19 6 24 9 
t:19 19 6 7 9 9 8 12 11 22 13 3 7 9 7 17 13 5 24 4 10 11 18 11 3 10 19 21 23 5 16 15 23 4 24 3 15 12 5 21 14 22 18 16 2 9 20 6 10 8 17 6 16 2 18 17 14 21 24 18 18 8 22 23 19 5 23 16 3 15 2 14 2 24 6 8 7 3 24 16 21 22 20 4 22 21 13 2 25 13 12 10 11 15 17 20 11 8 20 4 
***********
O:1043077 and computed:1043077  and if feasible=1
T:38.470000s
s:22 13 15 6 12 19 7 21 4 10 24 24 26 4 9 22 10 19 12 23 12 24 5 25 26 5 11 11 14 9 14 16 20 9 8 15 20 14 16 21 6 17 21 18 26 23 22 6 26 10 25 24 20 20 22 21 17 18 12 6 15 23 19 7 25 16 20 8 10 23 15 9 16 11 27 12 17 7 5 24 13 8 18 17 7 17 18 23 4 11 4 14 9 19 8 13 26 5 25 13 
t:26 19 15 16 12 7 10 12 11 22 17 4 13 14 14 20 18 10 25 6 13 11 19 9 4 8 19 24 22 9 15 20 23 6 25 4 20 11 6 21 14 25 16 17 5 7 23 7 7 10 17 11 19 4 21 17 12 25 26 20 24 9 21 26 23 18 22 19 18 18 5 13 5 24 4 5 8 3 15 10 24 21 24 6 26 21 16 15 25 8 9 8 15 14 16 22 10 13 23 5 
***********
O:1043239 and computed:1043239  and if feasible=1
T:85.430000s
s:4 8 18 21 18 12 23 10 25 20 7 5 14 25 21 4 18 12 18 3 17 6 24 7 6 24 16 19 17 16 15 13 8 21 21 13 9 16 15 10 24 13 10 4 5 11 7 24 5 21 3 7 14 13 5 10 11 12 9 22 16 6 9 22 11 4 6 22 20 3 8 22 15 14 9 18 9 23 26 11 5 20 15 14 23 14 12 6 25 19 25 17 20 3 19 19 11 23 8 17 
t:7 10 15 9 18 23 20 18 20 4 13 26 4 17 17 10 15 20 8 23 19 19 5 21 24 22 11 8 5 13 16 6 6 23 4 25 13 17 25 5 15 3 9 14 24 20 13 23 19 21 10 19 12 25 11 9 18 11 6 9 8 24 8 5 12 12 3 4 14 12 25 14 16 8 26 24 21 25 4 20 11 11 10 22 5 7 15 14 7 22 21 22 16 17 16 3 6 16 7 24 
***********
O:1043747 and computed:1043747  and if feasible=1
T:99.070000s
s:24 13 13 4 13 16 8 20 2 4 21 20 14 1 7 22 3 12 2 23 8 23 1 21 23 7 10 8 10 19 10 11 18 6 2 15 17 11 13 18 2 15 19 22 23 18 19 6 24 3 23 14 19 14 17 18 14 17 12 7 12 20 15 6 17 14 16 7 3 22 5 5 9 13 20 10 17 2 1 9 20 5 16 12 8 15 16 21 6 4 5 11 9 22 3 11 12 4 21 9 
t:15 16 13 16 3 8 2 11 4 22 8 9 22 12 10 18 15 4 21 3 2 10 20 7 2 6 15 21 24 12 13 19 21 5 23 1 16 10 5 20 11 22 12 17 1 9 12 2 15 3 14 5 13 1 17 14 9 9 24 17 14 4 19 23 19 14 23 22 18 16 1 11 13 21 6 2 3 8 22 5 17 20 18 7 21 20 19 4 20 8 7 6 13 10 4 23 7 17 18 6 
***********
O:1043560 and computed:1043560  and if feasible=1
T:87.130000s
s:7 17 14 25 14 11 20 8 24 16 5 6 3 25 14 5 19 13 20 7 15 6 25 5 4 24 21 17 16 21 16 12 10 13 21 23 9 15 13 8 23 13 8 12 3 7 10 24 4 19 3 4 9 22 6 8 9 12 18 22 13 7 10 22 6 11 10 20 18 6 14 23 15 18 4 18 11 20 24 7 15 23 12 14 18 9 11 5 25 17 26 16 19 9 21 17 4 22 3 19 
t:3 8 14 12 14 20 19 16 19 6 12 24 23 21 15 9 13 19 5 20 19 17 10 18 24 17 9 5 5 21 13 10 6 25 4 25 11 20 23 6 15 4 14 14 24 19 7 22 22 18 9 16 13 25 5 11 17 4 3 10 6 24 7 3 9 11 8 10 12 12 25 16 24 5 23 20 22 25 11 17 6 10 8 22 4 8 23 26 4 18 18 21 13 15 15 7 13 21 7 26 
***********
O:1046096 and computed:1046096  and if feasible=1
T:185.610000s
s:10 11 23 2 13 22 12 18 5 9 15 23 6 3 8 17 9 15 13 24 12 16 2 6 5 4 7 14 22 17 19 17 23 13 16 5 24 19 22 18 3 3 18 22 4 21 20 5 8 11 7 16 21 23 24 18 25 20 15 6 13 21 24 8 20 11 13 10 11 17 10 8 3 7 6 15 21 16 4 16 10 4 19 15 12 21 19 24 2 14 2 23 12 9 14 14 8 9 7 20 
t:4 24 10 6 13 7 14 14 13 18 17 5 7 22 15 19 22 8 12 12 15 14 18 12 3 14 25 16 24 7 13 22 17 2 8 2 23 15 5 10 5 3 15 19 4 21 21 11 17 10 19 11 8 2 16 24 20 9 6 23 16 6 21 7 20 4 11 23 23 20 2 13 3 20 5 16 8 2 10 8 23 18 17 6 3 18 19 3 9 9 9 12 11 22 16 24 10 18 21 4 
***********
O:1042650 and computed:1042650  and if feasible=1
T:171.090000s
s:6 10 22 28 19 14 21 10 27 17 8 6 15 27 22 7 24 15 21 6 20 9 26 8 7 24 20 24 22 16 25 14 12 11 22 16 9 17 20 12 25 12 9 5 9 11 7 23 6 25 5 10 14 15 9 13 15 14 19 18 18 10 12 26 11 7 8 21 20 5 13 19 23 19 11 23 15 21 26 13 6 26 18 16 22 16 13 10 27 19 27 24 23 5 17 18 11 25 8 17 
t:10 12 24 12 17 21 18 23 23 5 13 23 6 17 24 12 18 26 9 25 21 20 7 22 27 19 13 9 6 16 18 6 8 25 8 27 13 19 23 9 24 5 14 15 26 24 14 25 15 20 11 19 14 27 11 15 20 11 7 12 9 19 9 8 13 14 5 7 16 15 26 16 28 8 25 22 27 27 7 18 11 11 10 17 8 10 17 26 6 21 22 21 18 22 20 5 7 16 10 26 
***********
ArgT:1279.310000s argtime:127.931000s
ArgO:10436525 argvalue:1043652.500000
