O:576966 and computed:576966  and if feasible=1
T:109.550000s
s:10 15 18 6 8 6 6 26 19 6 14 5 26 25 10 16 4 19 8 21 24 21 9 13 26 19 14 16 3 11 17 26 7 4 10 20 21 15 13 5 16 25 22 7 17 23 11 17 9 12 14 11 22 23 25 20 13 4 9 18 8 18 12 24 23 22 12 7 24 14 20 15 5 15 8 
t:7 10 27 24 9 10 20 22 8 5 11 21 8 25 4 7 11 23 4 17 15 6 25 6 7 11 24 18 21 22 4 22 18 17 25 16 14 12 24 8 15 9 23 21 26 12 14 23 20 17 4 9 19 5 26 8 3 20 15 5 14 19 13 18 19 6 26 16 10 13 12 5 20 13 16 
***********
O:576578 and computed:576578  and if feasible=1
T:176.070000s
s:22 26 16 9 29 25 25 6 9 24 17 26 7 7 22 15 29 17 27 14 9 11 23 18 7 11 19 15 28 21 14 7 21 28 22 12 12 19 16 23 15 6 8 23 17 10 20 13 24 18 18 19 13 10 6 13 20 27 24 16 25 11 21 8 10 14 20 26 8 28 12 19 27 17 25 
t:23 18 5 10 27 26 14 13 28 27 20 11 25 7 28 24 20 10 29 16 15 27 8 24 25 22 9 17 11 9 26 8 13 15 8 14 19 19 7 22 17 21 10 12 6 22 18 7 13 12 26 24 9 23 6 25 28 11 15 26 21 16 19 28 14 25 6 12 21 16 18 23 11 20 17 
***********
O:576237 and computed:576237  and if feasible=1
T:175.600000s
s:10 13 16 17 5 5 5 25 23 7 13 6 25 21 10 18 3 15 4 17 24 20 8 14 26 20 13 17 3 9 15 23 6 4 10 21 19 12 8 7 15 25 23 8 17 22 12 18 11 14 14 13 18 22 26 21 11 3 6 16 9 20 11 24 22 19 9 7 24 12 19 16 4 12 5 
t:8 14 25 20 4 6 17 18 5 5 10 21 5 25 3 7 10 23 4 18 15 4 22 5 7 10 24 15 21 22 6 22 18 16 24 17 13 15 25 8 12 7 23 19 26 9 14 23 20 20 6 11 24 11 25 8 3 21 13 6 12 16 13 19 17 9 26 19 11 12 14 7 21 9 16 
***********
O:577384 and computed:577384  and if feasible=1
T:76.010000s
s:10 10 17 6 8 6 6 23 22 4 14 5 25 23 10 16 2 15 5 19 23 19 7 13 25 18 12 11 3 9 15 25 6 4 9 18 13 14 15 5 16 22 24 7 12 21 9 20 11 18 16 13 22 21 25 19 8 3 7 17 8 17 14 24 21 20 11 3 24 14 20 12 4 12 8 
t:6 11 26 20 8 5 19 21 7 4 10 18 7 23 3 6 9 23 3 17 16 5 25 4 8 9 21 17 18 21 4 24 20 16 23 12 14 22 24 7 10 10 20 19 25 8 14 22 19 17 3 9 22 5 25 7 3 18 15 6 14 15 12 13 13 2 24 15 11 13 16 4 18 11 13 
***********
O:576539 and computed:576539  and if feasible=1
T:69.080000s
s:13 6 15 26 8 3 5 24 20 3 12 5 20 24 10 18 3 13 8 25 24 23 9 14 25 21 12 17 4 11 16 25 7 6 10 19 21 12 15 7 22 17 19 7 19 16 5 18 9 14 14 13 18 23 26 17 11 4 9 15 8 20 11 23 25 22 12 4 22 10 16 21 6 13 8 
t:7 14 20 22 9 6 18 25 8 5 11 20 8 23 4 7 24 24 3 18 16 6 25 3 8 10 17 14 21 17 4 25 16 22 24 19 11 14 23 10 13 9 21 23 26 10 13 18 16 20 5 8 17 5 22 6 4 21 15 5 11 15 12 13 20 4 26 19 9 12 15 7 21 12 19 
***********
O:576558 and computed:576558  and if feasible=1
T:94.140000s
s:11 12 17 12 9 6 5 27 24 4 14 5 27 26 11 18 4 14 9 15 25 21 8 16 27 21 14 18 10 10 16 24 8 6 11 21 19 15 17 5 18 26 24 7 14 23 13 20 8 20 19 12 20 23 26 22 15 6 10 17 9 22 13 25 23 19 13 7 25 16 22 12 7 15 9 
t:8 13 27 22 10 6 19 17 9 5 13 21 9 26 6 7 11 23 7 20 19 6 25 4 9 12 25 17 20 22 5 23 20 18 25 14 14 24 26 8 15 10 23 19 27 11 18 24 21 21 7 9 24 5 27 8 7 22 16 5 15 16 12 18 14 4 26 16 10 15 17 11 21 13 12 
***********
O:576876 and computed:576876  and if feasible=1
T:126.330000s
s:10 7 16 13 4 4 5 25 21 6 15 5 24 20 10 15 4 17 3 20 20 21 8 12 24 18 7 13 2 9 15 24 7 3 9 18 17 14 12 6 14 25 23 8 14 22 6 16 11 11 11 4 21 22 24 19 12 2 8 17 10 18 16 23 22 19 9 5 23 13 19 13 3 14 7 
t:7 12 24 19 2 7 19 21 3 5 10 18 6 25 3 5 11 22 3 16 15 4 20 4 6 9 21 16 18 23 5 23 19 15 23 14 8 10 24 9 13 7 22 20 24 9 11 22 17 20 4 10 21 6 24 8 2 18 15 5 13 17 8 16 17 6 25 14 12 13 12 3 18 11 14 
***********
O:576641 and computed:576641  and if feasible=1
T:165.150000s
s:8 3 15 18 8 2 5 24 24 5 14 3 25 18 11 20 2 14 8 17 17 20 6 13 25 21 8 17 4 9 16 18 7 5 10 23 18 11 15 6 13 25 19 6 22 21 7 16 12 12 12 10 16 22 24 21 9 4 9 15 10 23 11 19 20 23 7 4 19 14 13 22 3 14 10 
t:6 17 25 13 10 3 17 16 8 3 9 22 8 21 2 5 9 21 3 16 13 5 18 6 10 9 18 14 18 25 4 19 16 20 19 20 8 13 22 7 14 11 23 17 24 10 12 23 21 24 4 12 19 7 25 4 4 23 15 3 11 15 7 25 22 5 24 15 11 14 12 6 20 8 22 
***********
O:577027 and computed:577027  and if feasible=1
T:51.130000s
s:19 17 13 14 23 23 23 4 6 22 14 24 4 7 19 13 26 13 25 8 7 8 21 16 4 10 17 14 24 20 11 4 21 25 20 9 8 15 15 22 12 3 3 20 15 6 18 11 21 16 16 17 11 5 6 9 18 26 24 12 19 10 12 5 7 10 18 22 5 17 9 14 25 15 23 
t:21 15 4 9 25 23 11 10 24 25 18 8 23 3 26 22 18 6 26 12 12 25 7 24 22 20 7 13 8 5 24 5 11 13 5 14 16 17 4 21 15 22 6 8 4 20 16 6 12 10 20 19 7 19 4 21 23 9 15 24 16 11 17 17 10 23 3 9 19 13 14 22 10 18 14 
***********
O:576826 and computed:576826  and if feasible=1
T:121.740000s
s:19 19 12 24 22 24 24 4 9 24 16 25 4 6 19 11 25 16 22 8 6 9 21 13 4 12 14 10 26 20 15 4 23 25 20 14 17 14 18 23 11 7 5 20 16 7 18 12 21 15 11 15 9 8 3 10 17 26 21 10 22 13 13 5 6 7 17 23 5 14 8 18 26 16 22 
t:23 18 4 6 21 22 8 8 22 26 18 14 22 6 25 23 19 7 25 13 10 24 5 24 23 20 9 13 17 9 26 5 10 11 5 11 15 6 4 22 17 20 7 8 4 20 14 7 10 13 25 21 9 21 4 19 26 12 15 25 14 12 15 16 16 24 3 18 19 16 12 26 11 17 16 
***********
ArgT:1164.800000s argtime:116.480000s
ArgO:5767632 argvalue:576763.200000
