O:229241 and computed:229241  and if feasible=1
T:199.990000s
s:8 7 15 5 6 2 4 15 2 17 1 10 1 11 4 10 13 7 12 1 12 4 8 13 17 14 11 14 9 15 3 3 8 9 6 12 2 3 18 5 14 9 18 16 10 13 18 11 17 16 
t:3 11 10 5 12 13 4 3 12 10 16 4 10 1 18 6 6 1 17 17 1 13 11 17 9 9 2 8 6 14 18 16 7 15 2 7 7 18 15 8 15 5 2 3 14 5 16 8 13 12 
***********
O:229241 and computed:229241  and if feasible=1
T:13.530000s
s:11 12 4 14 13 17 15 4 17 2 18 9 18 8 15 9 6 12 7 18 7 15 11 6 2 5 8 5 10 4 16 16 11 10 13 7 17 16 1 14 5 10 1 3 9 6 1 8 2 3 
t:16 8 9 14 7 6 15 16 7 9 3 15 9 18 1 13 13 18 2 2 18 6 8 2 10 10 17 11 13 5 1 3 12 4 17 12 12 1 4 11 4 14 17 16 5 14 3 11 6 7 
***********
O:229241 and computed:229241  and if feasible=1
T:59.150000s
s:9 8 16 6 7 3 5 16 3 18 2 11 2 12 5 11 14 8 13 2 13 5 9 14 18 15 12 15 10 16 4 4 9 10 7 13 3 4 19 6 15 10 19 17 11 14 19 12 18 17 
t:4 12 11 6 13 14 5 4 13 11 17 5 11 2 19 7 7 2 18 18 2 14 12 18 10 10 3 9 7 15 19 17 8 16 3 8 8 19 16 9 16 6 3 4 15 6 17 9 14 13 
***********
O:229241 and computed:229241  and if feasible=1
T:48.300000s
s:9 8 16 6 7 3 5 16 3 18 2 11 2 12 5 11 14 8 13 2 13 5 9 14 18 15 12 15 10 16 4 4 9 10 7 13 3 4 19 6 15 10 19 17 11 14 19 12 18 17 
t:4 12 11 6 13 14 5 4 13 11 17 5 11 2 19 7 7 2 18 18 2 14 12 18 10 10 3 9 7 15 19 17 8 16 3 8 8 19 16 9 16 6 3 4 15 6 17 9 14 13 
***********
O:229241 and computed:229241  and if feasible=1
T:53.090000s
s:8 7 15 5 6 2 4 15 2 17 1 10 1 11 4 10 13 7 12 1 12 4 8 13 17 14 11 14 9 15 3 3 8 9 6 12 2 3 18 5 14 9 18 16 10 13 18 11 17 16 
t:3 11 10 5 12 13 4 3 12 10 16 4 10 1 18 6 6 1 17 17 1 13 11 17 9 9 2 8 6 14 18 16 7 15 2 7 7 18 15 8 15 5 2 3 14 5 16 8 13 12 
***********
O:229241 and computed:229241  and if feasible=1
T:17.750000s
s:8 7 15 5 6 2 4 15 2 17 1 10 1 11 4 10 13 7 12 1 12 4 8 13 17 14 11 14 9 15 3 3 8 9 6 12 2 3 18 5 14 9 18 16 10 13 18 11 17 16 
t:3 11 10 5 12 13 4 3 12 10 16 4 10 1 18 6 6 1 17 17 1 13 11 17 9 9 2 8 6 14 18 16 7 15 2 7 7 18 15 8 15 5 2 3 14 5 16 8 13 12 
***********
O:229241 and computed:229241  and if feasible=1
T:25.000000s
s:12 13 5 15 14 18 16 5 18 3 19 10 19 9 16 10 7 13 8 19 8 16 12 7 3 6 9 6 11 5 17 17 12 11 14 8 18 17 2 15 6 11 2 4 10 7 2 9 3 4 
t:17 9 10 15 8 7 16 17 8 10 4 16 10 19 2 14 14 19 3 3 19 7 9 3 11 11 18 12 14 6 2 4 13 5 18 13 13 2 5 12 5 15 18 17 6 15 4 12 7 8 
***********
O:229241 and computed:229241  and if feasible=1
T:111.660000s
s:11 12 4 14 13 17 15 4 17 2 18 9 18 8 15 9 6 12 7 18 7 15 11 6 2 5 8 5 10 4 16 16 11 10 13 7 17 16 1 14 5 10 1 3 9 6 1 8 2 3 
t:16 8 9 14 7 6 15 16 7 9 3 15 9 18 1 13 13 18 2 2 18 6 8 2 10 10 17 11 13 5 1 3 12 4 17 12 12 1 4 11 4 14 17 16 5 14 3 11 6 7 
***********
O:229241 and computed:229241  and if feasible=1
T:144.250000s
s:11 12 4 14 13 17 15 4 17 2 18 9 18 8 15 9 6 12 7 18 7 15 11 6 2 5 8 5 10 4 16 16 11 10 13 7 17 16 1 14 5 10 1 3 9 6 1 8 2 3 
t:16 8 9 14 7 6 15 16 7 9 3 15 9 18 1 13 13 18 2 2 18 6 8 2 10 10 17 11 13 5 1 3 12 4 17 12 12 1 4 11 4 14 17 16 5 14 3 11 6 7 
***********
O:229241 and computed:229241  and if feasible=1
T:29.460000s
s:8 7 15 5 6 2 4 15 2 17 1 10 1 11 4 10 13 7 12 1 12 4 8 13 17 14 11 14 9 15 3 3 8 9 6 12 2 3 18 5 14 9 18 16 10 13 18 11 17 16 
t:3 11 10 5 12 13 4 3 12 10 16 4 10 1 18 6 6 1 17 17 1 13 11 17 9 9 2 8 6 14 18 16 7 15 2 7 7 18 15 8 15 5 2 3 14 5 16 8 13 12 
***********
ArgT:702.180000s argtime:70.218000s
ArgO:2292410 argvalue:229241.000000
