O:611828 and computed:611828  and if feasible=1
T:97.690000s
s:23 9 15 13 26 27 24 4 6 26 14 29 5 11 22 13 27 17 23 10 6 4 25 15 4 10 16 14 24 22 16 7 20 28 20 3 9 15 18 19 17 3 8 26 11 2 21 13 28 18 16 17 12 8 5 7 19 23 24 14 25 5 20 9 10 11 21 27 7 19 12 12 25 18 21 
t:20 14 5 10 23 24 13 12 23 18 22 7 21 3 28 27 21 6 27 13 16 26 9 27 25 21 5 14 9 2 24 8 12 11 7 11 16 18 8 22 19 22 6 10 5 20 17 3 2 4 26 24 7 19 4 25 26 6 16 28 18 15 15 9 8 28 4 13 25 17 17 19 14 23 12 
***********
O:611683 and computed:611683  and if feasible=1
T:184.410000s
s:4 17 18 16 5 5 9 25 26 6 18 7 25 20 8 16 3 14 4 19 23 24 7 16 27 25 15 15 3 5 15 22 9 2 10 28 22 11 12 11 14 26 21 12 17 27 11 21 8 13 13 14 19 23 24 28 10 3 6 17 6 27 10 24 20 19 4 2 22 13 20 18 9 12 7 
t:10 15 25 20 5 7 17 19 5 12 4 28 7 24 2 9 7 23 3 19 14 3 22 6 6 9 25 18 22 27 3 21 21 17 23 18 15 12 24 4 11 9 27 20 25 10 13 26 27 28 14 6 24 11 23 8 2 28 14 8 12 16 16 17 22 4 26 15 8 13 13 11 21 5 19 
***********
O:611688 and computed:611688  and if feasible=1
T:45.890000s
s:20 25 16 12 22 26 23 4 6 26 15 28 5 10 19 12 27 18 23 11 8 3 21 16 4 7 14 13 26 19 17 9 22 28 18 2 9 16 22 18 13 4 8 25 13 7 21 12 24 15 15 25 11 6 5 3 20 27 23 14 24 5 17 7 10 11 20 29 9 24 10 14 27 21 17 
t:17 14 8 10 26 26 12 11 11 27 20 6 22 7 28 25 16 5 28 12 14 27 9 23 23 19 6 15 8 3 26 8 11 13 7 13 16 19 7 21 21 21 6 10 5 18 15 4 2 3 27 23 9 22 5 25 29 3 20 28 24 17 18 24 9 25 4 12 22 20 16 24 15 19 14 
***********
O:611651 and computed:611651  and if feasible=1
T:119.650000s
s:11 21 15 18 7 5 8 27 26 4 17 3 23 23 10 18 4 7 8 20 24 17 6 15 25 21 16 17 6 10 16 22 8 3 12 20 22 15 5 13 14 28 26 4 20 27 12 18 7 13 16 12 19 24 25 25 11 2 9 14 9 19 9 27 21 22 11 2 28 6 19 23 5 13 14 
t:10 15 25 21 6 6 17 19 8 13 11 19 7 28 2 4 23 24 3 18 16 3 23 5 12 11 25 13 5 27 6 28 22 17 27 21 16 13 23 7 12 9 24 20 25 10 14 26 18 17 3 9 19 9 27 4 2 24 12 5 7 15 20 22 22 4 26 16 8 14 14 11 15 8 18 
***********
O:611242 and computed:611242  and if feasible=1
T:76.080000s
s:10 14 13 18 4 5 7 24 25 4 14 2 24 19 9 18 3 3 7 20 21 23 6 13 26 20 15 17 6 9 15 23 7 2 11 27 16 13 5 12 17 23 21 4 17 26 11 18 3 12 15 11 19 25 24 27 10 1 8 14 8 26 8 22 20 19 10 1 22 6 22 16 5 12 16 
t:9 16 23 21 6 5 19 19 7 12 10 27 6 22 1 3 16 24 1 17 15 2 19 4 11 10 23 12 3 26 5 25 20 18 22 18 15 12 22 7 11 8 26 21 24 9 13 25 26 27 3 8 23 8 24 6 2 27 11 4 7 14 14 17 17 2 20 15 5 13 13 10 20 4 16 
***********
O:611639 and computed:611639  and if feasible=1
T:178.940000s
s:12 14 18 20 5 5 6 28 25 7 14 3 24 17 11 20 4 8 6 16 23 22 9 14 26 21 16 19 2 11 16 22 10 3 10 26 15 13 7 13 17 27 27 8 18 26 9 20 5 22 21 19 17 23 24 25 12 2 6 13 8 24 10 28 21 19 12 4 28 7 18 15 4 9 15 
t:11 15 26 20 3 5 18 17 7 6 12 23 9 28 3 6 15 23 4 22 16 4 22 6 8 12 21 13 5 26 2 26 18 19 28 19 16 23 22 10 10 10 25 20 24 11 21 27 25 24 4 9 25 8 28 7 2 24 18 3 8 14 14 13 17 5 27 16 7 13 17 12 21 9 15 
***********
O:611775 and computed:611775  and if feasible=1
T:183.420000s
s:12 7 15 20 9 5 5 27 26 7 17 2 24 19 11 20 4 8 7 18 23 25 10 15 27 21 18 21 6 11 18 25 12 3 13 28 14 15 8 12 19 25 23 6 16 27 10 20 3 16 17 16 19 26 24 28 13 5 9 17 8 29 13 22 21 22 9 4 24 6 22 14 4 10 14 
t:12 13 23 21 5 5 19 18 9 2 9 28 11 24 3 3 13 25 4 17 19 4 19 7 8 11 23 14 8 27 5 26 20 20 23 21 17 18 24 10 10 10 27 22 25 12 16 26 27 28 4 11 24 7 25 6 6 28 17 2 6 15 15 7 14 3 22 18 8 14 16 13 20 9 16 
***********
O:611719 and computed:611719  and if feasible=1
T:189.950000s
s:17 16 20 10 24 23 21 2 5 25 16 26 6 11 15 10 26 26 21 12 8 7 23 16 4 7 20 9 22 19 15 7 21 27 18 4 10 19 24 17 14 3 3 28 11 4 20 13 25 14 12 18 13 8 6 5 19 27 17 18 13 6 24 2 9 11 22 28 2 22 12 9 23 25 14 
t:20 12 4 9 22 23 11 13 12 17 18 7 22 2 26 28 14 8 27 12 15 27 10 23 15 18 7 19 25 4 21 4 17 11 2 9 19 8 7 23 21 14 5 10 6 16 13 3 5 6 27 15 5 21 2 24 24 6 22 26 24 20 16 11 8 25 3 14 26 19 17 18 10 25 13 
***********
O:611469 and computed:611469  and if feasible=1
T:143.030000s
s:18 25 15 11 22 25 24 1 2 24 12 27 4 10 19 11 26 20 23 9 5 1 22 15 3 9 14 12 24 19 14 7 22 27 17 3 11 15 20 16 10 2 6 23 13 3 17 7 21 16 14 17 10 6 4 5 18 25 21 12 20 4 13 8 9 8 18 26 7 23 8 13 26 21 16 
t:16 13 3 8 23 25 11 10 21 23 18 6 22 4 25 24 14 5 26 9 13 26 9 24 20 18 3 12 21 3 24 7 7 11 6 12 14 10 9 19 19 19 5 8 4 16 17 2 1 1 26 21 6 23 4 25 27 5 17 27 22 15 15 22 11 27 2 10 20 17 14 18 7 20 13 
***********
O:610950 and computed:610950  and if feasible=1
T:179.610000s
s:12 14 15 20 7 5 4 26 23 6 17 4 24 21 10 20 4 11 7 17 22 25 6 15 28 18 16 19 2 10 16 25 9 3 11 28 22 13 5 11 13 25 23 7 19 28 13 20 8 17 16 14 18 27 24 27 12 2 8 14 9 26 9 26 21 19 12 3 24 6 21 18 5 8 15 
t:11 17 23 21 3 5 20 18 8 4 13 27 9 27 3 6 16 24 3 20 10 4 22 5 7 9 23 15 7 28 2 25 18 19 23 19 16 17 25 8 12 10 28 21 24 11 15 26 28 25 5 9 22 12 24 6 2 27 16 4 8 14 14 17 22 6 26 20 7 13 13 12 15 10 18 
***********
ArgT:1398.670000s argtime:139.867000s
ArgO:6115644 argvalue:611564.400000
