O:220276 and computed:220276  and if feasible=1
T:163.090000s
s:9 9 15 8 6 6 3 17 5 18 10 12 3 14 8 11 7 12 10 4 13 9 8 15 17 14 11 14 10 16 6 7 5 13 4 16 5 7 17 4 13 11 18 15 13 14 18 12 17 16 
t:6 12 12 3 14 13 5 8 16 12 17 9 11 5 18 7 4 4 17 17 3 13 11 18 10 8 9 11 7 15 18 14 10 15 10 4 9 18 16 6 16 4 5 6 14 7 15 8 16 13 
***********
O:220239 and computed:220239  and if feasible=1
T:13.250000s
s:11 11 3 12 14 14 17 3 15 2 10 7 17 7 12 7 13 8 9 16 6 11 12 7 3 5 9 4 10 5 14 13 15 6 16 10 15 13 3 16 6 9 5 4 6 8 4 8 2 2 
t:14 7 8 17 8 6 15 12 4 9 2 11 7 15 3 13 16 16 4 3 17 6 8 2 10 12 11 9 13 9 5 4 10 3 10 16 11 4 5 14 3 16 15 14 5 13 2 12 7 6 
***********
O:220239 and computed:220239  and if feasible=1
T:28.190000s
s:8 8 16 7 5 5 2 16 4 17 9 12 2 12 7 12 6 11 10 3 13 8 7 12 16 14 10 15 9 14 5 6 4 13 3 9 4 6 16 3 13 10 14 15 13 11 15 11 17 17 
t:5 12 11 2 11 13 4 7 15 10 17 8 12 4 16 6 3 3 15 16 2 13 11 17 9 7 8 10 6 10 14 15 9 16 9 3 8 15 14 5 16 3 4 5 14 6 17 7 12 13 
***********
O:220276 and computed:220276  and if feasible=1
T:21.920000s
s:8 8 14 7 5 5 2 16 4 17 9 11 2 13 7 10 6 11 9 3 12 8 7 14 16 13 10 13 9 15 5 6 4 12 3 15 4 6 16 3 12 10 17 14 12 13 17 11 16 15 
t:5 11 11 2 13 12 4 7 15 11 16 8 10 4 17 6 3 3 16 16 2 12 10 17 9 7 8 10 6 14 17 13 9 14 9 3 8 17 15 5 15 3 4 5 13 6 14 7 15 12 
***********
O:220239 and computed:220239  and if feasible=1
T:50.440000s
s:6 6 14 5 3 3 0 14 2 15 7 10 0 10 5 10 4 9 8 1 11 6 5 10 14 12 8 13 7 12 3 4 2 11 1 7 2 4 14 1 11 8 12 13 11 9 13 9 15 15 
t:3 10 9 0 9 11 2 5 13 8 15 6 10 2 14 4 1 1 13 14 0 11 9 15 7 5 6 8 4 8 12 13 7 14 7 1 6 13 12 3 14 1 2 3 12 4 15 5 10 11 
***********
O:220276 and computed:220276  and if feasible=1
T:195.560000s
s:8 8 14 7 5 5 2 16 4 17 9 11 2 13 7 10 6 11 9 3 12 8 7 14 16 13 10 13 9 15 5 6 4 12 3 15 4 6 16 3 12 10 17 14 12 13 17 11 16 15 
t:5 11 11 2 13 12 4 7 15 11 16 8 10 4 17 6 3 3 16 16 2 12 10 17 9 7 8 10 6 14 17 13 9 14 9 3 8 17 15 5 15 3 4 5 13 6 14 7 15 12 
***********
O:220239 and computed:220239  and if feasible=1
T:191.870000s
s:7 7 15 6 4 4 1 15 3 16 8 11 1 11 6 11 5 10 9 2 12 7 6 11 15 13 9 14 8 13 4 5 3 12 2 8 3 5 15 2 12 9 13 14 12 10 14 10 16 16 
t:4 11 10 1 10 12 3 6 14 9 16 7 11 3 15 5 2 2 14 15 1 12 10 16 8 6 7 9 5 9 13 14 8 15 8 2 7 14 13 4 15 2 3 4 13 5 16 6 11 12 
***********
O:220276 and computed:220276  and if feasible=1
T:162.790000s
s:8 8 14 7 5 5 2 16 4 17 9 11 2 13 7 10 6 11 9 3 12 8 7 14 16 13 10 13 9 15 5 6 4 12 3 15 4 6 16 3 12 10 17 14 12 13 17 11 16 15 
t:5 11 11 2 13 12 4 7 15 11 16 8 10 4 17 6 3 3 16 16 2 12 10 17 9 7 8 10 6 14 17 13 9 14 9 3 8 17 15 5 15 3 4 5 13 6 14 7 15 12 
***********
O:220278 and computed:220278  and if feasible=1
T:96.040000s
s:12 12 7 13 15 15 18 4 16 3 11 9 18 7 13 10 14 9 11 17 8 12 13 3 4 6 10 5 11 6 15 14 16 8 17 7 16 14 4 17 8 10 6 5 8 7 5 9 4 3 
t:15 9 9 18 7 8 16 13 7 9 4 12 10 16 5 14 17 17 4 3 18 8 10 3 11 13 12 10 14 7 6 5 11 4 11 17 12 5 6 15 3 17 16 15 6 14 5 13 3 8 
***********
O:220290 and computed:220290  and if feasible=1
T:96.580000s
s:13 13 5 14 16 16 19 6 17 4 12 10 19 8 14 11 15 10 12 18 9 13 14 8 5 8 11 5 12 7 16 15 17 9 18 8 17 15 6 18 9 11 7 6 9 7 5 10 4 4 
t:16 10 10 19 8 9 17 14 8 10 4 13 11 17 5 15 18 18 6 5 19 9 11 6 12 14 13 11 15 7 7 6 12 6 12 18 13 4 7 16 5 18 17 16 8 15 4 14 5 9 
***********
ArgT:1019.730000s argtime:101.973000s
ArgO:2202628 argvalue:220262.800000
