O:185970 and computed:185970  and if feasible=1
T:160.770000s
s:4 3 4 3 3 6 6 1 6 1 2 8 2 6 6 5 8 4 3 5 7 9 5 1 8 9 1 4 8 4 5 7 1 1 2 9 5 6 7 3 5 7 8 7 2 4 4 2 6 2 
t:7 5 2 3 7 5 1 9 4 5 6 6 3 4 2 8 9 4 4 2 1 6 5 5 8 2 6 6 4 8 1 5 9 7 1 4 1 8 3 3 7 8 9 1 8 7 6 5 2 3 
***********
O:185975 and computed:185975  and if feasible=1
T:65.980000s
s:3 2 3 2 2 6 4 0 6 0 1 7 1 6 5 6 7 3 2 6 7 8 4 0 6 8 0 3 7 3 4 4 0 0 1 8 5 5 5 2 4 5 7 4 1 3 3 1 6 1 
t:4 5 1 2 4 5 0 8 3 4 6 7 2 3 1 7 8 3 3 1 0 6 6 6 7 1 5 5 3 7 0 4 5 5 0 3 0 6 2 2 7 8 8 0 7 6 5 4 1 2 
***********
O:185970 and computed:185970  and if feasible=1
T:94.190000s
s:3 2 3 2 2 5 5 0 5 0 1 7 1 5 5 4 7 3 2 4 6 8 4 0 7 8 0 3 7 3 4 6 0 0 1 8 4 5 6 2 4 6 7 6 1 3 3 1 5 1 
t:6 4 1 2 6 4 0 8 3 4 5 5 2 3 1 7 8 3 3 1 0 5 4 4 7 1 5 5 3 7 0 4 8 6 0 3 0 7 2 2 6 7 8 0 7 6 5 4 1 2 
***********
O:185982 and computed:185982  and if feasible=1
T:151.600000s
s:4 3 4 3 3 6 6 2 6 2 1 8 1 6 6 5 8 4 1 5 7 9 5 2 8 9 3 4 8 4 5 7 2 2 3 9 5 6 7 2 5 7 8 7 1 4 4 1 6 1 
t:7 5 1 3 7 5 2 9 4 5 6 6 3 4 1 8 9 4 4 1 2 6 5 5 8 1 6 6 4 8 2 5 9 7 2 4 2 8 3 3 7 8 9 2 8 7 6 5 1 3 
***********
O:185975 and computed:185975  and if feasible=1
T:13.900000s
s:4 3 4 3 3 6 6 1 6 1 2 8 2 6 6 5 8 4 3 5 7 9 5 1 8 9 1 4 8 4 5 6 1 1 2 9 5 7 7 3 5 7 8 6 2 4 4 2 7 2 
t:6 5 2 3 6 5 1 9 4 5 7 7 3 4 2 8 9 4 4 2 1 6 5 5 8 2 7 6 4 8 1 5 9 7 1 4 1 8 3 3 7 8 9 1 8 6 7 5 2 3 
***********
O:185975 and computed:185975  and if feasible=1
T:116.630000s
s:5 6 5 6 6 3 3 8 3 8 7 1 7 3 3 4 1 5 6 4 2 0 4 8 1 0 8 5 1 5 4 3 8 8 7 0 4 2 2 6 4 2 1 3 7 5 5 7 2 7 
t:3 4 7 6 3 4 8 0 5 4 2 2 6 5 7 1 0 5 5 7 8 3 4 4 1 7 2 3 5 1 8 4 0 2 8 5 8 1 6 6 2 1 0 8 1 3 2 4 7 6 
***********
O:185975 and computed:185975  and if feasible=1
T:165.880000s
s:6 7 6 7 7 3 5 9 3 9 8 2 8 3 4 3 2 6 7 3 2 1 5 9 3 1 9 6 2 6 5 5 9 9 8 1 4 4 4 7 5 4 2 5 8 6 6 8 3 8 
t:5 4 8 7 5 4 9 1 6 5 3 2 7 6 8 2 1 6 6 8 9 3 3 3 2 8 4 4 6 2 9 5 4 4 9 6 9 3 7 7 2 1 1 9 2 3 4 5 8 7 
***********
O:185975 and computed:185975  and if feasible=1
T:155.730000s
s:6 7 6 7 7 3 5 9 3 9 8 2 8 3 4 3 2 6 7 3 2 1 5 9 3 1 9 6 2 6 5 5 9 9 8 1 4 4 4 7 5 4 2 5 8 6 6 8 3 8 
t:5 4 8 7 5 4 9 1 6 5 3 2 7 6 8 2 1 6 6 8 9 3 3 3 2 8 4 4 6 2 9 5 4 4 9 6 9 3 7 7 2 2 1 9 1 3 4 5 8 7 
***********
O:185970 and computed:185970  and if feasible=1
T:37.720000s
s:5 6 5 6 6 3 3 8 3 8 7 1 7 3 3 4 1 5 6 4 2 0 4 8 1 0 8 5 1 5 4 2 8 8 7 0 4 3 2 6 4 2 1 2 7 5 5 7 3 7 
t:2 4 7 6 2 4 8 0 5 4 3 3 6 5 7 1 0 5 5 7 8 3 4 4 1 7 3 3 5 1 8 4 0 2 8 5 8 1 6 6 2 1 0 8 1 2 3 4 7 6 
***********
O:185970 and computed:185970  and if feasible=1
T:81.920000s
s:4 3 4 3 3 6 6 1 6 1 2 8 2 6 6 5 8 4 3 5 7 9 5 1 8 9 1 4 8 4 5 7 1 1 2 9 5 6 7 3 5 7 8 7 2 4 4 2 6 2 
t:7 5 2 3 7 5 1 9 4 5 6 6 3 4 2 8 9 4 4 2 1 6 5 5 8 2 6 6 4 8 1 5 9 7 1 4 1 8 3 3 7 8 9 1 8 7 6 5 2 3 
***********
ArgT:1044.320000s argtime:104.432000s
ArgO:1859737 argvalue:185973.700000
