O:491094 and computed:491094  and if feasible=1
T:81.090000s
s:15 17 13 14 11 15 3 11 9 17 5 8 7 14 7 5 12 12 4 2 10 8 15 12 14 4 11 5 5 17 8 11 3 13 10 11 6 6 9 16 3 14 4 12 2 16 3 13 17 10 16 8 10 9 7 13 7 5 4 10 16 2 8 17 3 9 15 15 4 9 12 16 7 6 6 
t:15 13 3 8 17 4 10 9 3 14 3 8 5 9 16 14 2 2 5 2 8 11 6 7 13 11 10 16 16 12 9 16 9 10 6 12 15 17 16 7 14 10 15 4 8 3 3 11 11 12 7 4 13 6 17 7 5 5 10 11 15 6 14 7 15 2 14 13 12 5 13 4 17 10 4 
***********
O:490758 and computed:490758  and if feasible=1
T:62.180000s
s:5 3 8 5 6 4 17 11 8 3 15 11 14 4 12 15 6 5 16 17 6 11 10 4 8 15 10 15 12 3 11 10 16 7 7 7 13 12 9 2 16 9 16 10 17 4 14 7 3 10 2 12 9 8 14 6 13 13 16 9 4 17 12 4 17 9 2 5 15 11 6 3 13 14 14 
t:4 9 17 9 3 12 6 11 16 4 16 11 15 11 2 8 17 17 15 16 10 9 14 12 7 8 8 5 2 4 8 2 8 6 13 10 4 3 4 12 10 9 5 15 11 17 16 6 13 6 12 15 7 13 3 13 15 12 7 9 6 14 10 14 5 17 3 5 7 14 5 16 3 7 14 
***********
O:490945 and computed:490945  and if feasible=1
T:154.420000s
s:5 2 6 5 8 3 17 11 7 2 15 11 14 3 12 15 8 5 16 17 10 11 10 4 8 15 9 15 12 2 11 10 16 6 7 7 13 12 10 4 16 9 16 9 17 2 14 6 3 10 4 12 10 7 14 6 13 13 16 9 4 17 12 3 17 11 4 5 15 8 8 3 13 14 14 
t:3 7 17 9 3 13 8 13 16 3 16 12 15 10 4 9 17 17 15 16 11 9 14 12 6 8 10 5 4 5 7 3 6 8 13 10 4 2 2 12 8 9 5 15 11 17 16 10 11 6 11 15 8 12 3 13 15 13 7 9 5 14 10 14 4 17 4 7 6 14 5 16 2 7 14 
***********
O:490809 and computed:490809  and if feasible=1
T:156.750000s
s:14 15 11 14 13 16 2 7 10 16 2 8 4 16 6 3 11 13 1 2 13 7 8 13 10 3 8 2 5 15 8 7 4 12 11 12 6 6 9 14 3 10 4 9 1 16 4 12 15 9 16 5 11 9 4 12 5 5 3 10 14 1 7 16 2 8 15 13 3 9 11 15 7 6 5 
t:16 10 2 7 15 4 11 7 3 14 3 7 5 10 14 11 1 1 2 2 9 9 5 5 12 11 10 13 14 15 9 16 10 11 6 8 16 16 16 5 9 10 14 3 8 3 4 13 7 11 6 3 12 6 15 5 2 6 12 8 14 4 8 8 13 1 15 13 12 4 13 2 15 12 4 
***********
O:490914 and computed:490914  and if feasible=1
T:123.440000s
s:16 17 13 16 11 18 3 10 12 18 4 12 10 18 8 5 15 15 4 3 9 10 11 15 14 5 12 5 8 17 9 10 6 13 14 12 7 8 12 16 6 14 5 10 4 18 6 13 17 11 18 8 11 14 6 13 7 7 5 11 16 3 8 18 4 9 17 15 4 9 15 17 7 9 6 
t:18 12 3 10 17 7 15 9 5 17 5 10 6 9 16 15 4 3 4 4 11 14 7 8 13 12 10 14 16 15 14 18 11 10 7 12 18 18 18 7 13 9 16 5 8 5 6 10 11 13 8 5 14 8 17 7 4 9 12 12 16 6 11 9 16 3 17 15 13 6 15 4 17 14 6 
***********
O:491071 and computed:491071  and if feasible=1
T:22.710000s
s:4 3 6 4 7 2 16 10 8 2 14 10 10 2 12 14 6 4 16 15 11 11 9 5 7 15 9 15 12 3 11 10 16 7 8 6 13 13 9 3 16 7 17 8 16 6 15 6 3 9 5 12 10 9 14 5 13 14 17 8 3 15 11 2 17 10 5 4 14 11 5 2 12 12 13 
t:2 8 16 8 2 13 7 10 17 2 16 12 13 11 3 6 16 16 14 14 9 9 14 11 6 7 10 4 3 4 9 5 8 10 12 9 5 2 2 13 7 8 4 15 11 15 16 11 10 5 13 14 7 12 3 13 15 11 7 6 4 15 10 12 6 15 3 6 5 14 4 17 3 8 17 
***********
O:490986 and computed:490986  and if feasible=1
T:132.250000s
s:3 2 7 3 7 1 16 10 7 1 15 9 13 3 11 14 4 4 15 15 10 10 9 4 6 14 7 15 12 2 9 8 13 5 5 6 11 11 7 1 14 5 13 8 16 1 13 5 3 8 1 10 8 6 13 6 11 12 14 8 2 16 12 2 15 9 1 4 14 9 4 2 10 12 12 
t:1 7 15 9 2 12 5 13 13 3 14 10 12 9 1 5 16 14 15 15 8 6 13 12 6 7 10 4 2 3 6 1 8 7 12 7 1 2 1 10 8 9 4 14 9 16 14 10 10 5 11 14 5 11 3 11 15 11 5 7 3 12 8 9 4 16 2 4 6 13 4 15 2 3 13 
***********
O:490979 and computed:490979  and if feasible=1
T:189.910000s
s:14 18 14 16 11 18 4 11 12 18 4 10 13 17 8 5 15 15 3 4 12 9 10 15 12 5 12 4 8 18 10 11 6 13 13 14 7 8 11 16 6 16 5 9 3 17 6 12 17 9 18 8 9 13 6 14 7 7 5 11 16 3 8 18 4 10 17 15 5 10 15 17 7 9 6 
t:18 12 4 10 18 7 13 10 5 17 5 9 6 10 16 15 3 3 4 4 9 13 7 8 14 11 12 16 16 15 13 18 14 11 7 12 17 18 17 7 12 11 16 5 8 5 6 10 11 14 8 5 15 8 17 7 4 9 12 11 13 6 9 10 16 3 17 15 14 6 15 4 18 13 6 
***********
O:491176 and computed:491176  and if feasible=1
T:150.770000s
s:3 1 5 3 7 0 14 8 8 1 12 11 13 0 10 14 4 4 9 13 8 10 6 4 7 6 13 7 12 1 9 14 13 5 4 6 11 9 7 2 15 3 15 8 15 2 14 5 1 9 3 9 10 11 7 5 12 11 15 6 2 14 12 0 15 12 2 2 8 13 4 1 10 10 14 
t:0 8 13 6 1 12 4 12 15 0 15 11 14 9 2 3 13 15 10 6 9 7 13 13 5 7 7 2 2 4 14 2 5 12 11 8 3 1 0 10 7 8 2 6 12 14 14 8 10 5 9 10 4 11 1 9 6 8 6 13 3 10 7 11 3 14 1 4 5 12 4 15 1 3 15 
***********
O:491259 and computed:491259  and if feasible=1
T:9.600000s
s:6 4 8 5 11 3 14 13 11 3 12 9 16 3 14 17 7 7 12 13 15 13 10 7 8 12 9 10 17 4 13 14 14 6 8 8 17 10 9 5 15 6 16 10 17 3 14 6 4 9 3 12 11 11 11 7 16 18 15 9 5 18 18 3 16 13 4 5 15 15 7 4 12 16 17 
t:3 13 14 10 4 15 10 15 16 4 14 11 17 15 5 6 11 17 12 12 9 9 17 17 7 8 8 5 5 7 11 3 9 16 17 9 3 3 3 12 8 10 5 12 13 18 14 13 16 7 13 15 6 14 4 12 10 18 6 8 6 11 10 13 5 18 4 6 8 15 7 16 4 7 16 
***********
ArgT:1083.120000s argtime:108.312000s
ArgO:4909991 argvalue:490999.100000
