O:260923 and computed:260923  and if feasible=1
T:113.410000s
s:18 17 10 17 24 15 6 11 24 8 25 14 23 13 5 26 19 10 4 21 16 23 3 25 2 11 14 22 6 7 5 12 16 15 20 8 9 28 7 3 19 20 27 13 18 22 9 12 26 4 
t:8 25 7 22 6 17 23 6 25 8 26 14 15 13 18 13 2 19 26 15 5 9 4 27 10 12 18 14 11 7 17 19 11 22 28 4 9 20 16 24 23 21 10 21 3 12 3 16 24 20 
***********
O:261037 and computed:261037  and if feasible=1
T:39.780000s
s:16 15 8 15 21 13 4 9 21 5 23 12 22 11 3 24 17 8 2 18 14 22 1 23 0 9 12 20 4 6 3 10 14 13 19 5 7 26 6 1 17 19 25 11 16 20 7 10 24 2 
t:5 23 6 20 4 15 22 4 23 5 24 12 13 11 16 11 0 17 24 13 3 7 2 25 8 10 16 12 9 6 15 17 9 20 26 2 7 18 14 21 22 19 8 19 1 10 1 14 21 18 
***********
O:261026 and computed:261026  and if feasible=1
T:140.290000s
s:12 13 20 13 6 15 24 19 6 22 5 16 7 17 25 4 10 20 26 11 14 7 27 5 28 19 16 8 24 23 25 18 14 15 9 22 21 2 23 27 10 9 3 17 12 8 21 18 4 26 
t:22 5 23 8 24 13 7 24 5 22 4 16 15 17 12 17 28 11 4 15 25 21 26 3 20 18 12 16 19 23 13 11 19 8 2 26 21 10 14 6 7 9 20 9 27 18 27 14 6 10 
***********
O:261001 and computed:261001  and if feasible=1
T:60.040000s
s:13 15 21 15 7 17 25 20 7 23 6 19 8 18 26 5 12 21 27 10 14 8 28 6 29 20 13 9 25 24 26 16 14 17 11 23 22 3 24 28 12 11 4 18 16 9 22 19 5 27 
t:23 6 24 9 25 14 8 25 6 23 5 17 16 18 15 18 29 12 5 16 26 22 27 4 21 19 15 14 20 24 17 12 20 9 3 27 22 11 13 7 8 10 21 10 28 19 28 13 7 11 
***********
O:260943 and computed:260943  and if feasible=1
T:9.980000s
s:19 18 11 18 25 16 7 12 25 9 26 15 24 14 6 27 20 11 5 21 17 24 4 26 3 12 15 23 7 8 6 13 17 16 22 9 10 29 8 4 20 22 28 14 19 23 10 13 27 5 
t:9 26 8 23 7 18 24 7 26 9 27 15 16 14 19 14 3 20 27 16 6 10 5 28 11 13 19 15 12 8 18 20 12 23 29 5 10 21 17 25 24 22 11 22 4 13 4 17 25 21 
***********
O:260955 and computed:260955  and if feasible=1
T:155.920000s
s:13 14 21 14 8 16 25 20 8 23 7 17 6 18 26 5 12 21 27 11 15 6 28 7 29 20 17 9 25 24 26 19 15 16 10 23 22 3 24 28 12 10 4 18 13 9 22 19 5 27 
t:23 7 24 9 25 14 6 25 8 23 5 17 16 18 13 18 29 12 5 16 26 22 27 4 21 19 13 17 20 24 14 12 20 9 3 27 22 11 15 7 6 10 21 10 28 19 28 15 8 11 
***********
O:260923 and computed:260923  and if feasible=1
T:61.670000s
s:17 16 9 16 23 14 5 10 23 7 24 13 22 12 4 25 18 9 3 20 15 22 2 24 1 10 13 21 5 6 4 11 15 14 19 7 8 27 6 2 18 19 26 12 17 21 8 11 25 3 
t:7 24 6 21 5 16 22 5 24 7 25 13 14 12 17 12 1 18 25 14 4 8 3 26 9 11 17 13 10 6 16 18 10 21 27 3 8 19 15 23 22 20 9 20 2 11 2 15 23 19 
***********
O:260935 and computed:260935  and if feasible=1
T:147.440000s
s:12 13 20 13 7 15 24 19 7 22 6 16 5 17 25 4 11 20 26 9 14 5 27 6 28 19 16 8 24 23 25 18 14 15 10 22 21 2 23 27 11 10 3 17 12 8 21 18 4 26 
t:22 6 23 8 24 13 5 24 7 22 4 16 15 17 12 17 28 11 4 15 25 21 26 3 20 18 12 16 19 23 13 11 19 8 2 26 21 10 14 6 5 9 20 9 27 18 27 14 7 10 
***********
O:261008 and computed:261008  and if feasible=1
T:99.790000s
s:13 15 21 15 7 16 25 20 7 23 6 17 8 18 26 5 12 21 27 11 14 8 28 6 29 20 17 9 25 24 26 19 14 16 10 23 22 3 24 28 12 10 4 18 13 9 22 19 5 27 
t:23 6 24 9 25 14 8 25 6 23 5 17 16 18 15 18 29 12 5 14 26 22 27 4 21 19 13 17 20 24 16 12 20 9 3 27 22 11 13 7 8 10 21 10 28 19 28 15 7 11 
***********
O:260923 and computed:260923  and if feasible=1
T:22.520000s
s:18 17 10 17 24 15 6 11 24 8 25 14 23 13 5 26 19 10 4 21 16 23 3 25 2 11 14 22 6 7 5 12 16 15 20 8 9 28 7 3 19 20 27 13 18 22 9 12 26 4 
t:8 25 7 22 6 17 23 6 25 8 26 14 15 13 18 13 2 19 26 15 5 9 4 27 10 12 18 14 11 7 17 19 11 22 28 4 9 20 16 24 23 21 10 21 3 12 3 16 24 20 
***********
ArgT:850.840000s argtime:85.084000s
ArgO:2609674 argvalue:260967.400000
