O:511337 and computed:511337  and if feasible=1
T:146.440000s
s:16 17 14 17 10 19 2 9 12 18 3 12 6 18 7 2 13 15 3 2 9 8 10 16 13 4 11 4 6 19 10 8 5 14 13 14 6 7 11 16 5 15 3 11 2 18 5 15 16 10 18 7 10 12 8 13 7 5 4 11 17 2 9 18 3 9 17 15 4 9 12 19 6 8 3 
t:18 14 2 11 19 6 12 8 3 17 4 8 2 10 17 15 2 3 4 3 10 11 5 7 13 12 9 16 17 16 12 19 12 7 6 13 17 18 18 8 11 11 15 4 9 3 5 9 9 13 7 4 13 6 16 7 2 6 14 9 14 5 10 10 15 2 18 16 14 5 15 3 18 15 8 
***********
O:511510 and computed:511510  and if feasible=1
T:67.710000s
s:13 15 11 14 11 15 6 8 9 17 6 8 4 15 7 3 12 12 7 5 13 4 14 11 14 6 7 4 1 16 5 8 4 12 10 10 2 6 10 17 3 13 0 10 1 14 2 12 16 9 15 7 8 5 13 11 0 2 1 9 17 2 3 15 0 7 17 16 1 5 9 16 8 3 3 
t:15 9 5 4 15 1 7 5 0 14 1 8 3 5 17 11 6 2 5 7 9 9 3 3 11 11 12 16 16 12 7 15 10 8 2 10 14 16 15 6 13 9 15 4 4 2 6 13 3 10 7 1 12 2 16 8 6 1 12 8 14 4 13 6 14 1 17 13 11 0 12 0 17 10 0 
***********
O:511306 and computed:511306  and if feasible=1
T:147.950000s
s:4 2 7 5 8 1 18 12 12 1 13 7 16 1 14 15 7 4 10 18 11 11 9 4 8 10 15 10 14 2 13 17 16 5 7 6 14 9 8 3 17 4 17 13 17 2 16 6 3 9 3 10 10 12 9 6 13 14 16 8 3 18 15 1 18 15 2 5 11 15 6 2 11 12 17 
t:1 13 18 7 2 14 7 15 17 4 16 10 17 13 3 5 18 17 11 8 8 9 15 15 6 8 10 5 3 4 16 2 8 14 12 7 2 1 1 11 9 13 6 10 15 18 16 11 13 7 12 11 6 14 3 10 9 11 6 16 4 12 9 12 3 18 1 4 5 14 5 17 2 6 17 
***********
O:511276 and computed:511276  and if feasible=1
T:102.420000s
s:16 18 13 17 13 18 1 13 10 17 2 6 10 18 8 3 12 15 1 1 9 6 15 14 14 4 11 2 7 17 6 11 4 11 9 12 7 8 8 2 3 15 3 14 2 13 4 11 16 13 15 7 8 9 4 12 5 7 5 10 16 1 8 18 3 9 16 14 3 10 12 17 6 5 5 
t:18 11 1 6 18 7 10 9 3 17 3 6 5 9 16 14 1 2 2 2 8 12 4 8 11 13 11 9 16 18 10 15 10 10 7 12 15 18 17 6 14 9 17 3 6 2 4 13 14 12 8 5 11 7 16 5 1 7 11 12 16 4 13 5 15 2 17 15 13 4 14 3 17 8 5 
***********
O:511510 and computed:511510  and if feasible=1
T:62.520000s
s:3 1 5 2 5 0 16 10 7 1 15 11 8 0 11 13 6 3 16 16 5 10 4 4 4 12 9 15 14 2 9 7 13 6 8 7 12 13 10 2 15 4 17 7 16 1 15 6 1 10 3 11 11 8 13 5 14 14 17 9 1 16 10 0 17 9 2 3 14 8 6 0 12 11 12 
t:0 6 16 9 0 13 8 10 17 0 15 11 13 8 2 5 16 16 15 12 11 9 14 10 6 7 6 2 1 4 8 2 7 6 12 10 3 1 0 12 4 8 4 14 10 16 14 5 4 7 11 12 6 13 2 12 15 14 7 9 1 13 5 9 3 16 0 3 5 15 3 17 1 9 17 
***********
O:511565 and computed:511565  and if feasible=1
T:81.630000s
s:14 16 11 16 13 17 1 9 9 17 4 5 10 17 7 4 11 12 2 1 14 6 13 12 10 3 8 2 5 15 7 8 0 12 9 10 6 3 4 15 0 13 0 10 1 17 2 12 15 3 16 7 6 9 13 11 5 5 2 8 14 1 7 17 1 7 16 14 3 8 11 15 6 4 4 
t:17 10 1 6 16 3 11 7 0 17 0 6 4 9 16 13 1 1 2 3 4 8 5 7 11 10 11 14 15 15 9 16 9 11 4 8 16 17 17 6 13 8 14 2 6 2 1 14 10 10 7 3 12 5 15 8 3 5 11 7 14 3 13 5 13 1 14 12 12 4 12 0 15 9 2 
***********
O:511358 and computed:511358  and if feasible=1
T:103.870000s
s:16 18 14 14 11 18 2 12 10 17 3 9 10 18 7 3 16 15 3 3 9 7 13 13 13 4 12 4 6 19 9 11 5 14 12 13 7 8 12 17 5 16 2 10 2 19 5 11 17 12 19 8 9 10 6 15 6 5 4 11 16 2 7 18 2 8 18 15 4 9 15 17 8 6 3 
t:18 11 3 9 18 7 11 8 2 15 4 9 3 9 17 14 2 3 4 3 11 13 5 6 14 13 9 15 17 13 10 19 12 10 7 12 18 19 18 6 13 10 16 4 8 3 5 8 11 15 8 4 16 7 17 6 2 7 12 12 16 5 10 6 16 2 18 15 14 5 14 2 17 16 6 
***********
O:511453 and computed:511453  and if feasible=1
T:63.870000s
s:3 2 5 2 9 1 17 9 7 1 16 11 14 1 12 16 8 5 16 16 9 11 11 5 7 15 9 15 14 3 11 10 17 6 7 6 14 12 8 4 17 8 18 10 18 1 15 7 3 9 2 10 10 6 13 5 13 14 18 8 4 17 13 2 17 10 1 4 15 12 4 3 12 13 16 
t:1 6 17 11 2 12 6 12 17 2 18 11 16 10 1 5 17 17 15 16 10 8 14 14 6 8 9 4 3 3 7 1 7 9 14 8 2 2 1 11 9 8 6 15 11 16 17 9 13 4 12 13 7 13 3 12 16 13 7 9 4 15 10 10 5 16 1 4 5 14 5 18 3 6 15 
***********
O:511637 and computed:511637  and if feasible=1
T:106.750000s
s:15 17 14 14 11 17 1 8 11 17 4 7 5 17 7 2 12 15 3 1 10 9 8 13 11 4 10 3 6 16 9 8 3 14 12 13 5 6 8 16 2 11 2 9 1 16 3 12 17 6 15 7 7 12 5 13 7 5 2 10 16 1 8 18 1 9 16 15 4 10 13 18 6 4 2 
t:17 14 1 10 18 6 11 8 1 18 2 7 2 9 16 12 1 1 3 4 7 10 5 6 13 11 9 15 16 13 11 16 11 12 5 8 15 17 17 8 10 10 14 3 9 1 3 9 8 13 7 4 12 6 16 6 3 5 12 9 15 4 5 4 15 0 17 14 14 4 13 2 17 12 2 
***********
O:511427 and computed:511427  and if feasible=1
T:49.980000s
s:15 17 13 18 9 17 1 8 12 17 4 8 8 18 7 3 13 14 3 3 12 7 11 14 11 5 10 4 5 15 8 10 2 14 12 12 7 6 9 15 2 15 1 11 2 18 2 14 16 9 16 8 9 9 6 13 5 4 3 10 16 3 7 18 1 11 17 16 4 10 13 17 6 5 6 
t:18 11 1 7 17 5 9 8 1 18 2 7 4 10 17 14 2 3 4 5 9 10 3 7 13 11 12 15 16 15 11 17 12 9 5 10 18 16 18 6 13 12 17 4 8 1 2 8 9 13 8 5 13 6 15 6 3 5 12 10 16 6 11 7 14 3 17 15 14 4 14 2 16 12 3 
***********
ArgT:933.140000s argtime:93.314000s
ArgO:5114379 argvalue:511437.900000
