O:628545 and computed:628545  and if feasible=1
T:40.140000s
s:22 9 13 21 6 10 10 27 3 13 9 11 0 24 16 5 12 20 14 20 23 25 9 23 4 26 7 7 27 17 17 26 10 11 20 1 21 18 28 21 26 2 25 8 6 4 15 5 3 2 4 24 14 19 22 1 12 18 12 6 8 0 18 27 24 7 19 16 28 8 15 22 14 13 15 
t:15 17 3 27 25 10 14 18 7 2 16 1 9 28 17 9 23 24 16 3 13 12 23 10 6 21 6 24 26 2 17 25 14 7 28 8 7 4 26 16 15 14 4 20 22 12 5 5 4 1 22 11 3 13 18 9 23 1 2 11 19 20 19 6 22 11 27 21 8 13 26 21 28 18 10 
***********
O:628641 and computed:628641  and if feasible=1
T:101.960000s
s:8 14 15 20 6 3 7 27 25 1 15 4 24 18 10 19 3 13 6 22 21 25 3 16 27 23 17 17 7 2 16 23 8 5 12 29 13 13 4 12 20 26 19 11 14 27 10 20 5 17 18 15 18 26 24 28 9 9 6 21 7 29 11 22 24 28 1 2 23 12 22 14 8 9 11 
t:11 15 24 22 9 4 18 24 6 7 2 28 10 26 5 8 10 24 3 19 18 6 14 3 6 8 21 20 4 27 2 22 19 20 23 17 16 18 25 2 11 7 28 21 25 12 17 27 28 25 9 5 23 10 23 3 5 29 15 4 13 12 13 14 14 1 26 16 7 9 16 8 19 1 15 
***********
O:628623 and computed:628623  and if feasible=1
T:154.470000s
s:16 10 14 15 23 26 19 2 5 28 12 25 6 6 18 11 26 22 23 2 8 8 27 15 3 10 13 13 21 25 11 4 17 24 19 1 5 20 26 15 17 1 9 20 10 0 18 9 24 13 12 14 14 7 3 7 19 21 20 16 22 3 23 2 6 4 28 27 0 16 12 4 22 21 17 
t:16 15 6 8 20 27 12 9 22 21 28 7 17 0 25 22 6 7 26 10 17 23 5 26 18 22 2 16 24 3 21 1 14 11 6 10 13 12 7 27 18 18 4 8 4 19 14 1 12 5 20 25 9 17 3 26 25 3 13 24 21 19 11 4 5 27 2 13 23 20 15 15 14 24 9 
***********
O:628426 and computed:628426  and if feasible=1
T:100.460000s
s:20 26 15 9 22 26 24 0 4 26 15 27 2 11 14 10 23 22 20 12 7 9 22 16 3 6 19 12 20 21 16 6 28 21 15 1 10 17 28 17 13 1 5 27 11 2 25 7 25 9 11 18 8 5 3 4 23 18 23 14 12 3 17 2 8 6 19 24 0 18 8 13 19 24 13 
t:16 13 3 6 19 26 12 9 13 17 21 5 22 1 20 27 12 5 21 7 14 23 8 25 9 17 6 16 22 3 25 0 7 10 0 11 19 8 5 21 23 24 4 10 3 15 11 2 9 1 26 20 4 27 1 26 20 4 17 27 18 15 18 8 12 25 2 13 24 24 14 19 7 22 14 
***********
O:628787 and computed:628787  and if feasible=1
T:109.290000s
s:19 4 12 10 22 26 23 4 2 28 14 25 3 9 20 11 26 19 23 9 8 5 26 13 3 7 12 15 21 27 13 6 18 24 17 0 2 16 25 17 16 3 8 18 9 0 20 10 24 14 15 15 14 5 4 1 19 21 22 11 23 1 16 7 7 6 28 27 10 17 12 6 22 21 18 
t:17 15 3 7 21 25 15 10 22 21 28 1 18 3 24 22 18 5 26 14 16 23 6 26 23 22 2 12 25 3 23 8 9 11 6 9 13 15 5 27 19 20 4 8 4 19 14 2 0 1 21 24 10 18 6 26 24 1 13 25 17 11 12 4 5 27 7 13 20 20 16 16 14 27 10 
***********
O:629009 and computed:629009  and if feasible=1
T:155.840000s
s:21 10 12 22 5 10 14 27 2 12 7 11 4 24 16 2 11 21 15 20 19 25 9 23 4 26 9 8 27 18 18 26 9 17 14 1 22 20 28 23 26 3 25 13 8 5 16 3 6 4 5 24 15 19 24 1 8 22 10 6 7 0 13 27 29 7 20 17 28 11 14 21 15 12 13 
t:14 16 3 27 26 10 21 18 4 11 17 1 7 28 24 10 21 24 17 2 12 15 23 9 6 18 6 22 25 4 18 26 13 8 28 13 7 5 25 16 15 16 5 20 19 8 3 2 5 1 17 11 4 12 19 9 24 1 3 10 14 20 22 6 21 11 27 19 7 12 25 23 28 23 9 
***********
O:628895 and computed:628895  and if feasible=1
T:80.630000s
s:16 13 13 9 23 26 22 2 7 28 15 25 6 6 20 11 26 18 23 10 8 7 26 14 2 5 12 12 22 27 14 5 21 24 16 1 8 17 25 15 16 3 11 19 10 0 18 9 24 12 10 15 13 3 4 1 17 20 23 17 22 0 19 4 6 9 28 27 5 21 4 2 21 18 19 
t:19 15 5 4 21 25 11 9 23 20 28 1 21 2 24 22 11 5 26 10 17 23 7 26 22 22 8 16 25 0 23 4 10 13 5 12 14 7 6 27 18 21 1 8 6 18 12 3 1 7 20 24 9 17 2 26 24 2 14 25 19 16 13 11 6 27 3 14 20 17 15 15 10 27 9 
***********
O:629147 and computed:629147  and if feasible=1
T:50.510000s
s:3 14 21 8 20 19 16 10 27 16 21 17 24 3 17 25 14 4 15 2 22 1 18 5 24 12 15 23 3 11 7 6 18 13 2 28 5 9 19 6 9 25 7 14 21 29 13 26 22 24 23 4 19 11 2 27 20 8 20 26 23 28 9 10 0 15 1 8 12 16 10 6 4 18 12 
t:10 8 24 10 4 19 7 1 19 16 12 27 18 13 8 18 3 5 8 28 22 14 3 19 23 1 25 9 11 27 11 17 15 14 11 15 13 23 5 13 20 17 26 9 16 20 24 25 28 27 4 21 26 16 12 18 3 26 24 17 6 2 6 21 5 12 2 7 23 21 22 4 1 7 22 
***********
O:629672 and computed:629672  and if feasible=1
T:124.320000s
s:15 15 6 8 19 24 25 9 12 28 2 23 10 16 14 18 25 10 21 13 18 21 22 1 9 9 13 16 3 27 7 11 22 17 4 11 17 6 25 0 20 8 7 13 20 6 27 1 23 0 2 4 20 12 10 5 26 5 24 8 24 15 4 16 19 19 28 14 26 3 3 11 2 22 21 
t:3 13 10 14 3 24 16 20 21 2 27 13 22 16 7 21 17 1 6 2 18 26 18 25 18 17 10 5 21 8 27 12 4 19 20 15 7 26 22 27 22 24 11 19 11 14 1 9 6 23 13 23 8 25 8 24 17 10 6 23 4 5 12 16 11 28 9 7 15 25 0 2 26 28 20 
***********
O:628312 and computed:628312  and if feasible=1
T:180.750000s
s:19 19 10 8 25 24 24 6 1 25 7 28 6 13 21 5 26 16 25 12 14 8 23 4 3 7 13 15 26 23 14 10 17 27 20 0 16 16 17 19 13 4 9 21 3 2 18 9 22 11 15 15 11 5 7 2 18 28 24 8 20 1 20 12 6 3 22 27 10 11 12 0 26 17 18 
t:19 6 6 12 26 24 15 8 24 28 23 2 18 4 28 21 18 5 27 1 15 27 16 24 23 21 13 10 16 2 25 10 11 7 9 5 14 15 8 23 17 22 3 12 6 20 11 4 3 2 26 25 9 18 9 22 27 1 14 26 19 13 17 3 0 25 7 14 20 16 8 21 11 22 1 
***********
ArgT:1098.370000s argtime:109.837000s
ArgO:6288057 argvalue:628805.700000
