O:237373 and computed:237373  and if feasible=1
T:101.850000s
s:12 13 6 10 16 15 18 0 19 1 5 6 19 8 11 5 14 14 8 19 7 11 11 3 2 6 9 7 9 3 15 16 18 5 17 8 13 15 0 17 4 12 1 4 7 12 2 10 3 2 
t:16 6 12 18 11 7 18 14 7 7 1 11 4 17 2 15 17 19 1 0 19 8 9 0 9 10 5 12 16 8 0 4 10 5 5 13 13 2 4 14 2 16 14 15 3 17 3 12 13 6 
***********
O:237388 and computed:237388  and if feasible=1
T:179.610000s
s:7 6 13 9 3 4 1 19 0 18 14 13 0 11 8 14 5 5 11 0 12 8 8 15 17 13 10 12 10 16 4 3 1 14 2 11 6 4 19 2 15 7 18 16 12 7 17 9 15 17 
t:3 13 7 1 8 12 1 5 12 12 18 8 15 2 17 4 2 0 18 19 0 11 10 19 10 9 14 7 3 11 19 16 9 14 14 6 6 17 16 5 17 3 5 4 15 2 16 7 6 13 
***********
O:237388 and computed:237388  and if feasible=1
T:32.880000s
s:12 13 6 10 16 15 18 0 19 1 5 6 19 8 11 5 14 14 8 19 7 11 11 4 2 6 9 7 9 3 15 16 18 5 17 8 13 15 0 17 4 12 1 3 7 12 2 10 4 2 
t:16 6 12 18 11 7 18 14 7 7 1 11 4 17 2 15 17 19 1 0 19 8 9 0 9 10 5 12 16 8 0 3 10 5 5 13 13 2 3 14 2 16 14 15 4 17 3 12 13 6 
***********
O:237388 and computed:237388  and if feasible=1
T:93.080000s
s:7 6 13 9 3 4 1 19 0 18 14 13 0 11 8 14 5 5 11 0 12 8 8 15 17 13 10 12 10 16 4 3 1 14 2 11 6 4 19 2 15 7 18 16 12 7 17 9 15 17 
t:3 13 7 1 8 12 1 5 12 12 18 8 15 2 17 4 2 0 18 19 0 11 10 19 10 9 14 7 3 11 19 16 9 14 14 6 6 17 16 5 17 3 5 4 15 2 16 7 6 13 
***********
O:237399 and computed:237399  and if feasible=1
T:98.210000s
s:7 6 13 8 3 4 1 19 0 18 14 13 0 11 9 14 5 5 11 0 12 9 9 16 17 13 10 12 8 16 4 3 1 14 2 11 6 4 19 2 15 7 18 15 12 7 17 10 16 17 
t:3 13 7 1 10 12 1 5 12 12 18 9 15 2 17 4 2 0 18 19 0 11 10 19 9 8 14 7 3 11 19 15 8 14 14 6 6 17 15 5 17 3 5 4 16 2 16 7 6 13 
***********
O:237401 and computed:237401  and if feasible=1
T:170.520000s
s:11 14 6 13 16 15 18 0 19 1 5 6 19 8 12 5 13 10 8 19 7 11 12 3 2 6 9 7 9 3 15 14 18 5 17 8 16 15 0 17 4 11 1 4 7 12 2 10 3 2 
t:16 6 11 18 12 7 18 14 7 7 1 12 4 17 2 15 17 19 1 0 19 8 9 0 9 10 5 11 13 8 0 4 10 5 5 17 16 2 4 13 2 16 14 15 3 14 3 11 13 6 
***********
O:237388 and computed:237388  and if feasible=1
T:48.970000s
s:7 6 13 9 3 4 1 19 0 18 14 13 0 11 8 14 5 5 11 0 12 8 8 15 17 13 10 12 10 16 4 3 1 14 2 11 6 4 19 2 15 7 18 16 12 7 17 9 15 17 
t:3 13 7 1 8 12 1 5 12 12 18 8 15 2 17 4 2 0 18 19 0 11 10 19 10 9 14 7 3 11 19 16 9 14 14 6 6 17 16 5 17 3 5 4 15 2 16 7 6 13 
***********
O:237388 and computed:237388  and if feasible=1
T:71.090000s
s:12 13 6 10 16 15 18 0 19 1 5 6 19 8 11 5 14 14 8 19 7 11 11 4 2 6 9 7 9 3 15 16 18 5 17 8 13 15 0 17 4 12 1 3 7 12 2 10 4 2 
t:16 6 12 18 11 7 18 14 7 7 1 11 4 17 2 15 17 19 1 0 19 8 9 0 9 10 5 12 16 8 0 3 10 5 5 13 13 2 3 14 2 16 14 15 4 17 3 12 13 6 
***********
O:237373 and computed:237373  and if feasible=1
T:108.520000s
s:7 6 13 9 3 4 1 19 0 18 14 13 0 11 8 14 5 5 11 0 12 8 8 16 17 13 10 12 10 16 4 3 1 14 2 11 6 4 19 2 15 7 18 15 12 7 17 9 16 17 
t:3 13 7 1 8 12 1 5 12 12 18 8 15 2 17 4 2 0 18 19 0 11 10 19 10 9 14 7 3 11 19 15 9 14 14 6 6 17 15 5 17 3 5 4 16 2 16 7 6 13 
***********
O:237424 and computed:237424  and if feasible=1
T:200.120000s
s:11 14 6 13 16 15 18 0 18 1 5 6 19 9 12 5 8 10 9 19 7 11 12 4 2 6 8 7 10 3 15 14 19 5 17 9 16 15 0 17 4 11 1 3 7 12 2 13 4 2 
t:16 6 11 19 12 7 18 14 7 7 1 12 4 17 2 15 17 19 1 0 18 8 9 0 9 13 5 10 10 8 0 3 10 5 5 17 16 2 3 13 2 16 14 15 4 14 3 11 11 6 
***********
ArgT:1104.850000s argtime:110.485000s
ArgO:2373910 argvalue:237391.000000
