O:187256 and computed:187256  and if feasible=1
T:10.270000s
s:6 9 6 6 7 3 5 9 2 9 8 2 8 3 5 4 1 7 7 4 2 1 5 8 3 1 8 5 1 5 5 3 9 9 7 1 5 4 4 7 4 2 2 3 9 6 6 8 3 8 
t:3 7 9 7 3 5 9 1 6 5 3 2 7 6 8 1 1 5 6 8 7 3 4 4 1 8 4 4 6 2 9 3 4 5 9 5 9 2 7 6 2 1 1 8 2 2 4 5 8 6 
***********
O:187256 and computed:187256  and if feasible=1
T:23.580000s
s:3 0 3 3 2 6 4 0 7 0 1 7 1 6 4 5 8 2 2 5 7 8 4 1 6 8 1 4 8 4 4 6 0 0 2 8 4 5 5 2 5 7 7 6 0 3 3 1 6 1 
t:6 2 0 2 6 4 0 8 3 4 6 7 2 3 1 8 8 4 3 1 2 6 5 5 8 1 5 5 3 7 0 6 5 4 0 4 0 7 2 3 7 8 8 1 7 7 5 4 1 3 
***********
O:187256 and computed:187256  and if feasible=1
T:66.210000s
s:3 0 3 3 2 6 4 0 7 0 1 7 1 6 4 5 8 2 2 5 7 8 4 1 6 8 1 4 8 4 4 6 0 0 2 8 4 5 5 2 5 7 7 6 0 3 3 1 6 1 
t:6 2 0 2 6 4 0 8 3 4 6 7 2 3 1 8 8 4 3 1 2 6 5 5 8 1 5 5 3 7 0 6 5 4 0 4 0 7 2 3 7 8 8 1 7 7 5 4 1 3 
***********
O:187256 and computed:187256  and if feasible=1
T:113.910000s
s:6 9 6 6 7 3 5 9 2 9 8 2 8 3 5 4 1 7 7 4 2 1 5 8 3 1 8 5 1 5 5 3 9 9 7 1 5 4 4 7 4 2 2 3 9 6 6 8 3 8 
t:3 7 9 7 3 5 9 1 6 5 3 2 7 6 8 1 1 5 6 8 7 3 4 4 1 8 4 4 6 2 9 3 4 5 9 5 9 2 7 6 2 1 1 8 2 2 4 5 8 6 
***********
O:187256 and computed:187256  and if feasible=1
T:8.150000s
s:4 1 4 4 3 7 5 1 8 1 2 8 2 7 5 6 9 3 3 6 8 9 5 2 7 9 2 5 9 5 5 7 1 1 3 9 5 6 6 3 6 8 8 7 1 4 4 2 7 2 
t:7 3 1 3 7 5 1 9 4 5 7 8 3 4 2 9 9 5 4 2 3 7 6 6 9 2 6 6 4 8 1 7 6 5 1 5 1 8 3 4 8 9 9 2 8 8 6 5 2 4 
***********
O:187256 and computed:187256  and if feasible=1
T:43.850000s
s:6 9 6 6 7 3 5 9 2 9 8 2 8 3 5 4 1 7 7 4 2 1 5 8 3 1 8 5 1 5 5 3 9 9 7 1 5 4 4 7 4 2 2 3 9 6 6 8 3 8 
t:3 7 9 7 3 5 9 1 6 5 3 2 7 6 8 1 1 5 6 8 7 3 4 4 1 8 4 4 6 2 9 3 4 5 9 5 9 2 7 6 2 1 1 8 2 2 4 5 8 6 
***********
O:187256 and computed:187256  and if feasible=1
T:106.430000s
s:6 9 6 6 7 3 5 9 2 9 8 2 8 3 5 4 1 7 7 4 2 1 5 8 3 1 8 5 1 5 5 3 9 9 7 1 5 4 4 7 4 2 2 3 9 6 6 8 3 8 
t:3 7 9 7 3 5 9 1 6 5 3 2 7 6 8 1 1 5 6 8 7 3 4 4 1 8 4 4 6 2 9 3 4 5 9 5 9 2 7 6 2 1 1 8 2 2 4 5 8 6 
***********
O:187256 and computed:187256  and if feasible=1
T:5.190000s
s:6 9 6 6 7 3 5 9 2 9 8 2 8 3 5 4 1 7 7 4 2 1 5 8 3 1 8 5 1 5 5 3 9 9 7 1 5 4 4 7 4 2 2 3 9 6 6 8 3 8 
t:3 7 9 7 3 5 9 1 6 5 3 2 7 6 8 1 1 5 6 8 7 3 4 4 1 8 4 4 6 2 9 3 4 5 9 5 9 2 7 6 2 1 1 8 2 2 4 5 8 6 
***********
O:187256 and computed:187256  and if feasible=1
T:39.000000s
s:5 8 5 5 6 2 4 8 1 8 7 1 7 2 4 3 0 6 6 3 1 0 4 7 2 0 7 4 0 4 4 2 8 8 6 0 4 3 3 6 3 1 1 2 8 5 5 7 2 7 
t:2 6 8 6 2 4 8 0 5 4 2 1 6 5 7 0 0 4 5 7 6 2 3 3 0 7 3 3 5 1 8 2 3 4 8 4 8 1 6 5 1 0 0 7 1 1 3 4 7 5 
***********
O:187256 and computed:187256  and if feasible=1
T:1.270000s
s:3 0 3 3 2 6 4 0 7 0 1 7 1 6 4 5 8 2 2 5 7 8 4 1 6 8 1 4 8 4 4 6 0 0 2 8 4 5 5 2 5 7 7 6 0 3 3 1 6 1 
t:6 2 0 2 6 4 0 8 3 4 6 7 2 3 1 8 8 4 3 1 2 6 5 5 8 1 5 5 3 7 0 6 5 4 0 4 0 7 2 3 7 8 8 1 7 7 5 4 1 3 
***********
ArgT:417.860000s argtime:41.786000s
ArgO:1872560 argvalue:187256.000000
