O:519660 and computed:519660  and if feasible=1
T:100.070000s
s:16 17 13 17 11 18 1 9 11 18 1 11 2 18 9 2 12 15 1 0 7 3 9 14 12 3 9 2 6 15 4 8 4 13 11 13 5 5 10 14 3 14 2 10 0 17 5 14 15 10 16 6 9 8 8 12 6 6 4 10 16 1 4 18 1 8 16 15 3 7 12 17 7 7 2 
t:18 13 1 4 17 5 11 4 3 17 3 9 2 7 16 14 0 1 0 1 9 11 2 6 13 11 8 14 16 16 9 16 11 8 7 10 17 18 18 8 12 10 17 3 4 1 3 6 8 13 6 5 12 5 14 7 2 6 13 10 15 5 10 8 14 1 18 15 12 4 15 2 15 12 7 
***********
O:519718 and computed:519718  and if feasible=1
T:149.760000s
s:15 17 11 17 12 18 0 9 9 18 3 11 10 18 6 2 13 15 1 1 8 6 10 15 11 6 12 3 4 18 7 9 3 14 13 14 5 5 10 16 3 12 1 8 2 17 2 13 16 11 16 7 7 9 4 13 5 4 2 10 15 1 7 18 1 8 16 14 4 7 12 17 6 8 0 
t:18 9 1 11 18 4 12 7 1 17 2 7 1 8 17 11 1 3 3 10 10 12 4 6 13 11 7 14 15 17 9 17 10 12 4 12 16 18 18 6 11 8 13 3 7 0 5 8 9 14 6 5 13 5 16 6 2 5 14 10 15 3 8 9 15 1 18 15 13 4 14 2 16 16 2 
***********
O:520224 and computed:520224  and if feasible=1
T:138.470000s
s:4 2 8 3 9 2 17 13 11 1 11 7 16 1 12 16 5 5 10 14 12 11 4 4 6 10 14 9 14 2 15 16 17 6 8 7 15 6 8 0 18 5 18 10 12 3 17 4 2 7 2 11 9 12 5 7 14 13 18 9 0 18 15 1 17 15 3 3 13 16 8 1 10 13 16 
t:1 16 17 9 2 14 8 15 18 3 18 11 16 13 1 5 10 18 10 9 6 8 14 16 7 8 7 0 1 4 16 2 8 14 12 6 3 2 1 11 5 11 3 9 15 17 17 11 15 7 12 13 5 13 2 10 9 12 6 15 3 10 4 13 4 12 1 5 7 14 4 17 0 6 18 
***********
O:519739 and computed:519739  and if feasible=1
T:142.540000s
s:3 2 5 4 8 4 18 7 10 1 15 10 16 1 14 18 5 5 17 18 11 9 7 3 6 15 6 16 15 0 11 10 14 7 10 8 13 13 7 2 17 4 17 8 18 0 15 6 2 8 4 12 11 9 14 6 13 14 16 9 2 18 11 1 17 11 3 3 16 12 5 1 12 12 17 
t:1 5 18 9 1 14 8 12 17 3 17 10 17 12 2 4 18 18 15 16 10 7 16 15 6 8 11 3 2 3 9 2 10 11 12 7 4 1 1 12 5 11 4 17 11 16 15 7 9 8 13 14 6 14 2 13 18 13 7 6 3 14 8 11 5 18 1 4 6 15 5 16 0 9 13 
***********
O:519495 and computed:519495  and if feasible=1
T:109.660000s
s:16 17 14 17 11 19 1 9 11 18 2 13 4 18 6 3 15 15 1 2 9 9 10 17 12 4 10 3 6 16 7 7 4 14 12 13 7 8 12 15 2 14 2 9 1 19 4 13 15 11 17 8 10 11 5 12 6 5 3 10 16 2 7 18 1 8 19 16 3 8 13 18 5 6 5 
t:18 13 1 11 17 6 12 6 2 18 2 10 4 9 17 14 1 2 3 2 10 12 4 5 13 12 8 15 16 17 10 18 11 8 5 12 19 17 18 6 11 9 16 3 8 1 4 9 7 13 7 6 14 7 16 5 3 8 13 8 15 5 9 6 15 2 18 15 14 4 14 1 16 11 3 
***********
O:519899 and computed:519899  and if feasible=1
T:52.820000s
s:4 2 7 4 10 4 18 12 13 1 13 8 17 5 17 17 6 5 11 16 11 11 3 5 6 10 14 11 14 3 15 16 18 7 8 7 16 15 9 1 19 3 19 9 14 8 15 8 2 9 1 10 8 10 4 6 13 14 18 9 1 15 17 3 18 13 2 5 12 17 6 2 12 12 16 
t:3 16 18 8 2 14 9 17 19 5 18 12 16 11 1 6 11 16 12 10 9 9 15 17 7 7 10 4 1 5 14 2 8 14 14 8 3 2 5 10 5 11 4 10 17 17 19 10 15 7 13 12 6 16 3 11 9 13 7 13 2 15 4 12 3 15 1 4 6 13 6 18 1 8 18 
***********
O:519826 and computed:519826  and if feasible=1
T:67.380000s
s:3 2 8 3 10 0 13 11 10 0 12 7 17 0 11 15 7 4 11 13 10 10 5 9 6 9 12 9 18 1 12 13 14 5 6 7 16 5 6 2 15 4 16 9 17 3 14 4 1 8 2 11 8 13 4 6 17 18 15 8 1 15 14 0 15 11 3 2 17 14 7 1 12 16 16 
t:0 12 13 9 2 17 8 14 17 1 15 10 16 15 2 6 11 17 12 12 6 8 17 14 7 8 7 2 1 5 12 3 8 14 18 6 3 0 0 10 5 9 3 9 11 15 13 10 16 7 11 15 5 13 2 10 9 18 5 11 3 14 4 13 4 17 1 4 7 18 4 16 1 6 16 
***********
O:519862 and computed:519862  and if feasible=1
T:89.180000s
s:15 17 10 14 15 19 2 13 10 17 4 9 8 19 8 5 12 14 4 3 16 7 14 15 15 5 10 3 5 18 8 10 2 11 12 11 5 3 9 16 2 13 1 12 1 17 2 12 18 8 17 7 14 11 6 13 6 4 1 9 17 3 8 18 1 9 16 16 4 7 13 18 7 6 6 
t:19 10 2 8 18 4 13 8 1 18 2 9 5 7 16 10 3 1 3 5 8 12 5 7 11 11 9 16 18 15 10 17 9 12 6 12 17 18 17 6 13 10 15 5 7 2 2 16 15 11 6 4 12 4 16 7 3 6 11 9 15 3 14 8 14 1 19 14 13 4 14 1 17 13 1 
***********
O:519775 and computed:519775  and if feasible=1
T:119.570000s
s:4 2 5 3 9 2 16 11 7 1 12 10 18 1 17 16 6 4 13 17 12 12 11 4 7 10 7 13 16 2 12 14 17 5 9 8 15 10 10 3 18 5 19 9 15 3 17 6 2 9 2 11 11 8 13 6 18 15 18 8 4 15 16 1 19 11 3 6 14 14 7 1 13 14 16 
t:1 5 17 9 2 15 8 18 18 1 18 11 16 12 3 5 13 17 12 10 10 7 15 16 6 8 8 4 1 3 7 2 9 13 15 10 3 1 3 10 6 9 5 13 12 16 17 12 16 8 11 14 6 17 2 13 9 14 7 7 4 14 11 14 4 14 0 4 5 15 6 18 2 8 19 
***********
O:519943 and computed:519943  and if feasible=1
T:174.040000s
s:5 2 6 4 8 0 14 10 8 1 12 8 16 1 12 18 6 5 12 15 11 13 9 6 6 13 9 11 18 3 13 14 14 3 8 5 17 12 5 2 15 7 18 10 17 4 14 4 2 7 3 10 9 10 11 7 16 17 16 9 2 17 19 1 18 13 3 4 15 16 7 1 11 15 18 
t:1 10 14 10 1 13 8 16 17 4 15 9 18 15 2 6 11 17 12 12 9 7 17 18 5 6 11 3 2 5 9 3 8 16 18 8 4 1 1 11 7 10 6 13 13 19 14 12 16 7 12 15 4 14 3 11 11 17 4 8 2 13 10 14 3 17 1 5 6 15 5 18 2 7 16 
***********
ArgT:1143.490000s argtime:114.349000s
ArgO:5198141 argvalue:519814.100000
