O:1101232 and computed:1101232  and if feasible=1
T:35.230000s
s:24 9 12 1 10 16 5 21 2 8 25 24 9 0 7 25 7 14 7 22 11 23 1 24 25 3 3 9 13 8 10 17 18 6 6 11 15 12 12 17 2 13 20 20 24 19 17 3 25 6 22 20 16 13 23 21 16 18 8 5 14 21 19 2 18 21 20 7 6 23 15 4 11 1 19 10 15 4 0 18 22 2 13 14 9 16 15 22 0 5 1 10 8 23 4 14 19 4 26 12 
t:17 18 10 19 10 3 4 10 9 23 14 3 4 12 11 17 13 2 20 6 7 9 23 7 1 5 19 23 24 7 13 21 24 1 24 0 16 8 5 22 11 25 14 15 3 9 15 4 8 5 20 6 18 0 21 15 11 18 25 16 19 4 20 25 18 17 23 22 12 16 0 14 1 26 0 5 2 1 25 7 19 21 20 3 26 21 13 2 24 9 8 6 15 12 12 22 16 13 22 2 
***********
O:1102311 and computed:1102311  and if feasible=1
T:200.150000s
s:3 15 17 26 19 11 24 11 25 17 7 5 19 27 20 4 19 18 18 3 17 4 26 6 2 25 23 17 13 10 21 10 10 22 21 16 6 8 14 9 26 15 7 3 3 8 9 24 4 22 5 11 13 12 2 9 12 11 10 23 14 7 8 25 8 12 6 22 20 2 16 25 23 22 6 18 5 21 28 13 4 24 15 13 21 15 12 7 27 18 27 19 20 2 20 14 14 26 5 16 
t:14 8 22 15 18 21 20 18 17 2 16 25 3 12 18 10 14 23 6 23 19 19 3 20 27 22 11 7 3 22 14 5 6 26 5 26 11 13 25 5 15 2 9 3 25 24 12 25 20 20 11 17 14 28 11 12 10 16 4 8 9 23 6 5 8 15 2 4 17 10 24 13 27 7 27 22 24 27 4 17 8 9 9 23 2 7 13 26 6 24 21 21 12 19 16 4 19 16 7 26 
***********
O:1101392 and computed:1101392  and if feasible=1
T:54.930000s
s:0 5 15 24 16 11 21 5 23 16 4 1 15 25 19 3 23 13 23 0 14 2 24 6 3 20 20 18 13 18 15 7 2 10 22 14 8 12 13 7 24 5 6 0 3 8 7 21 1 19 2 6 11 12 4 9 11 10 18 20 13 6 8 22 9 1 4 21 18 3 8 17 14 17 4 16 10 22 25 9 0 23 12 12 22 11 10 2 25 17 26 17 19 1 19 16 9 24 5 15 
t:4 8 17 4 15 22 19 18 20 2 7 20 0 12 13 10 13 23 6 23 22 18 3 19 26 17 8 6 1 20 12 2 5 24 2 25 9 18 25 4 14 3 10 11 23 17 11 22 19 19 7 16 11 26 8 12 15 9 3 7 7 17 8 3 9 10 1 1 16 11 24 14 25 5 24 22 23 26 1 16 9 12 5 20 4 6 15 25 6 21 21 21 16 14 13 0 2 13 5 24 
***********
O:1100923 and computed:1100923  and if feasible=1
T:178.980000s
s:1 16 12 25 16 9 21 5 24 17 4 1 18 26 14 1 23 13 24 3 19 4 25 5 1 22 22 18 12 16 24 6 8 20 20 15 8 15 13 7 25 16 6 10 2 6 7 22 2 23 2 9 11 14 3 7 10 10 19 21 11 5 8 24 6 8 2 20 19 4 14 18 15 23 5 17 9 23 27 11 12 21 12 13 17 10 11 4 26 18 26 17 20 3 19 13 9 25 3 14 
t:11 7 21 9 18 23 23 16 23 4 13 22 16 14 17 9 14 24 5 23 21 19 3 19 25 19 10 4 1 21 11 8 4 25 3 26 8 18 20 2 15 3 13 10 25 22 11 24 16 19 6 18 10 27 6 12 15 11 1 7 8 21 5 2 7 9 1 8 17 10 27 13 26 3 25 22 24 26 2 12 6 7 5 22 3 5 12 26 4 17 20 20 12 15 14 2 14 17 6 24 
***********
O:1103174 and computed:1103174  and if feasible=1
T:166.260000s
s:8 18 28 12 23 28 14 23 11 11 19 27 3 5 10 24 10 19 13 15 15 18 6 3 3 9 9 16 27 17 27 20 28 12 15 7 28 21 25 22 8 4 24 26 3 24 22 9 4 12 4 21 26 27 26 21 24 19 13 5 16 25 25 12 17 13 16 13 11 17 10 6 5 19 4 20 8 21 8 17 11 7 23 20 10 18 23 26 6 14 14 25 16 18 20 15 6 7 2 22 
t:3 25 25 8 11 9 19 17 10 23 23 6 8 24 20 17 26 11 4 12 15 20 18 12 9 14 24 17 26 4 23 28 21 6 3 6 28 16 7 12 10 3 14 19 7 27 27 13 18 11 24 16 8 8 19 28 15 5 2 27 20 5 27 3 18 5 16 25 18 22 5 13 21 26 6 21 12 14 10 7 24 23 20 7 4 22 21 10 4 9 15 13 14 25 22 26 11 22 19 9 
***********
O:1103579 and computed:1103579  and if feasible=1
T:200.710000s
s:8 20 7 22 18 7 23 9 27 25 12 4 20 28 25 6 18 14 25 5 17 6 27 11 9 28 19 27 8 20 14 13 3 14 24 17 3 12 12 11 21 15 7 5 13 8 3 23 24 24 2 10 5 7 3 10 8 14 26 19 16 6 4 26 12 16 10 23 22 6 15 22 17 21 10 18 13 20 26 13 16 25 5 15 24 16 9 4 27 19 28 22 26 4 21 18 15 21 11 9 
t:17 6 19 16 17 21 19 27 21 4 14 27 25 8 14 13 5 25 9 22 23 20 4 25 28 21 8 11 4 20 15 2 6 21 3 28 3 22 26 10 18 5 13 12 28 7 7 23 19 24 9 22 14 28 12 9 18 24 10 3 6 20 6 15 12 13 5 5 20 11 28 17 10 7 23 23 24 27 14 19 8 9 10 18 11 8 7 15 11 24 26 26 16 16 12 3 15 16 4 25 
***********
O:1101286 and computed:1101286  and if feasible=1
T:172.320000s
s:24 11 12 1 10 17 4 21 1 8 20 22 14 0 7 24 3 13 2 25 8 24 2 21 24 7 5 8 14 9 10 15 18 9 6 11 15 12 12 19 2 9 22 25 23 18 19 4 25 2 25 17 17 14 23 19 16 16 8 5 13 21 16 3 20 23 22 5 6 21 15 6 11 3 20 10 16 3 1 17 23 4 14 13 7 15 18 20 0 9 0 10 7 26 6 13 18 1 22 12 
t:15 19 10 18 8 3 5 9 2 26 13 4 9 12 10 18 15 3 21 2 3 10 23 6 1 5 16 20 24 6 12 22 21 5 24 0 17 8 4 23 11 23 13 16 2 12 17 2 9 6 22 8 15 0 17 14 11 19 25 16 19 6 21 24 19 18 25 26 15 16 0 13 1 22 1 4 3 0 23 14 20 20 17 5 23 22 14 1 21 7 7 7 14 11 12 25 24 10 20 4 
***********
O:1100789 and computed:1100789  and if feasible=1
T:85.900000s
s:27 15 14 3 12 18 7 27 4 10 26 25 8 2 11 27 6 17 9 23 12 24 3 25 26 4 5 11 14 10 12 19 21 8 9 13 18 13 14 20 3 16 24 22 27 22 20 5 26 6 23 19 16 15 24 20 18 17 10 7 15 25 19 4 21 21 22 8 9 25 16 4 13 6 24 12 17 6 1 17 22 5 15 16 9 19 18 23 2 7 2 11 10 23 8 11 21 3 26 14 
t:18 20 11 21 12 6 6 12 7 26 16 4 5 14 12 18 15 5 24 7 9 7 23 9 3 7 19 24 26 8 15 22 25 3 23 2 19 10 6 24 13 25 15 17 4 14 17 4 10 9 19 8 17 1 21 16 13 20 27 19 20 5 22 26 20 18 24 22 11 17 1 16 2 27 2 6 5 3 27 11 21 27 21 4 26 25 11 2 25 9 10 8 15 13 14 23 22 14 23 3 
***********
O:1101505 and computed:1101505  and if feasible=1
T:132.280000s
s:6 5 24 24 15 11 20 2 26 18 5 3 7 27 21 6 24 15 23 1 22 5 28 7 4 25 16 23 21 8 25 21 4 12 17 11 14 14 17 10 26 3 8 2 6 8 10 20 5 24 4 7 9 13 2 10 19 12 22 16 15 6 13 22 9 19 8 14 18 3 19 19 25 18 7 23 14 18 27 12 3 20 13 17 21 13 12 4 26 16 27 26 22 2 11 15 9 23 9 17 
t:6 11 25 3 16 20 16 23 24 2 12 21 3 14 25 8 13 25 8 26 14 15 3 23 27 14 13 9 2 7 15 4 5 25 5 26 11 17 19 8 23 2 15 14 26 24 9 24 12 18 21 19 15 27 10 18 17 9 6 13 7 18 8 5 10 12 4 1 7 16 28 19 27 6 22 20 17 26 6 20 11 10 5 13 3 9 10 27 7 20 22 22 16 21 18 2 21 11 4 24 
***********
O:1101878 and computed:1101878  and if feasible=1
T:194.220000s
s:3 16 18 26 14 12 20 6 26 22 6 1 15 27 15 4 23 14 22 1 19 5 24 5 3 21 21 18 14 13 16 9 6 19 24 12 5 13 17 8 24 10 6 3 2 7 8 21 4 23 5 9 10 13 2 8 11 11 17 20 13 4 9 25 7 11 3 20 22 4 18 22 15 23 7 16 11 23 26 14 2 25 12 16 18 9 10 1 27 25 26 15 19 2 19 17 10 24 7 17 
t:9 8 14 10 19 23 23 15 24 4 15 20 3 13 16 10 12 25 6 22 22 18 2 20 26 20 11 7 1 21 14 3 4 23 5 27 9 19 25 2 16 2 17 11 24 17 13 24 14 25 7 21 11 27 9 13 17 14 4 8 9 22 5 6 8 10 3 2 12 11 27 16 27 6 24 23 25 26 4 22 7 8 7 20 2 5 12 26 5 18 21 19 13 15 18 1 18 12 6 26 
***********
ArgT:1420.980000s argtime:142.098000s
ArgO:11018069 argvalue:1101806.900000
