O:1125080 and computed:1125080  and if feasible=1
T:95.720000s
s:29 16 13 2 11 17 9 26 4 7 27 27 10 3 11 28 11 24 12 26 14 25 4 28 29 5 8 10 14 11 13 19 22 20 7 14 16 21 18 19 4 15 25 19 27 24 23 6 29 6 26 21 22 15 22 23 18 20 13 6 16 24 24 5 25 18 21 9 9 27 23 7 17 10 29 12 22 7 2 21 20 5 16 18 12 15 17 25 3 8 3 12 10 26 8 15 20 4 28 13 
t:17 24 11 18 15 9 8 12 13 25 18 4 10 13 13 22 16 5 28 7 11 8 23 11 3 8 21 25 28 7 16 22 26 2 26 3 16 9 3 23 18 26 23 20 5 12 21 5 10 8 19 7 20 2 20 17 14 21 29 19 21 6 25 27 23 17 29 24 11 20 4 15 2 28 4 6 6 3 27 6 25 24 24 5 27 27 14 15 28 12 10 9 16 14 19 26 19 13 22 4 
***********
O:1125354 and computed:1125354  and if feasible=1
T:124.910000s
s:26 23 12 2 12 16 6 20 3 11 22 25 9 4 9 27 2 12 3 26 9 24 2 21 26 5 10 3 13 1 12 19 24 11 7 13 18 13 14 19 8 22 20 26 24 17 21 5 25 6 27 22 15 14 23 16 18 17 2 1 15 23 18 9 20 25 23 1 0 22 19 8 16 11 20 7 15 7 8 15 25 6 14 14 8 17 18 24 4 10 4 11 0 27 3 7 17 5 21 10 
t:23 18 12 22 10 8 2 9 2 27 19 4 25 13 11 16 14 11 20 1 2 7 22 0 4 6 17 20 26 1 13 24 22 3 25 3 18 0 5 23 16 26 14 15 6 5 15 6 2 7 20 10 15 3 17 16 8 15 24 18 23 7 21 27 19 19 27 26 11 17 12 14 12 21 8 6 9 4 25 7 20 17 23 10 22 21 3 11 21 9 5 1 18 12 13 26 25 13 24 4 
***********
O:1125240 and computed:1125240  and if feasible=1
T:200.130000s
s:26 7 7 2 12 19 9 23 4 4 21 26 11 3 8 28 12 18 13 27 14 25 5 24 25 6 10 8 14 12 9 20 21 22 8 14 16 16 13 19 5 17 22 28 27 21 24 6 7 5 27 20 18 17 26 23 21 19 12 10 16 23 25 4 20 29 25 9 10 26 28 5 15 4 22 13 22 11 2 20 27 3 16 18 11 17 17 23 3 15 2 8 11 29 7 13 18 6 24 15 
t:17 23 9 21 15 10 11 8 12 28 18 6 5 16 13 21 16 4 22 5 13 11 25 11 4 11 20 22 27 7 12 26 23 7 23 3 17 10 3 27 15 27 25 19 6 8 20 6 12 1 25 5 19 2 20 15 14 9 26 19 23 12 24 28 18 18 26 29 13 19 3 17 2 24 4 9 3 4 28 6 20 22 22 9 25 24 14 2 24 8 7 10 16 14 16 27 28 13 21 2 
***********
O:1127808 and computed:1127808  and if feasible=1
T:157.650000s
s:6 18 14 27 17 3 23 11 27 24 11 4 15 26 22 8 21 12 19 4 17 5 27 8 12 26 20 22 4 19 14 15 2 21 22 16 2 3 9 10 25 17 9 1 12 6 8 24 18 23 5 9 5 5 1 10 7 12 19 24 15 6 3 25 7 16 11 23 22 6 13 25 13 15 9 18 7 21 27 11 18 28 4 14 25 17 7 2 28 20 28 16 21 2 19 20 14 26 10 13 
t:15 3 13 17 19 24 21 20 18 1 12 25 18 7 17 10 4 26 7 24 22 20 3 22 26 21 7 6 1 20 14 2 8 27 7 28 2 19 28 11 16 6 10 4 27 18 6 26 19 22 9 23 15 28 14 3 16 15 10 4 8 21 6 12 11 12 5 3 15 11 27 17 14 9 26 25 21 27 13 25 4 8 9 25 11 9 5 13 8 23 24 23 18 14 13 2 22 16 5 28 
***********
O:1125449 and computed:1125449  and if feasible=1
T:173.180000s
s:24 13 5 3 12 18 16 24 3 8 26 25 27 4 7 25 3 20 7 20 8 26 3 28 27 2 10 7 7 12 2 18 19 22 9 13 19 13 14 21 5 15 24 19 26 23 18 6 27 1 28 25 19 15 23 23 17 20 12 11 15 23 22 5 24 15 20 11 9 25 21 8 16 9 28 8 17 9 1 22 14 6 16 17 14 14 21 22 4 11 4 2 5 17 12 10 26 6 27 10 
t:27 21 1 15 12 9 9 5 7 25 20 4 14 13 2 22 16 2 28 3 10 10 17 7 3 17 23 26 25 11 13 19 25 14 28 3 18 12 13 23 15 28 19 17 2 5 23 5 12 9 21 8 18 1 21 15 11 27 28 21 26 10 24 26 20 20 19 18 16 18 4 14 3 27 6 9 7 4 25 7 24 24 24 11 26 23 6 2 27 17 6 8 13 8 10 22 16 16 22 4 
***********
O:1125294 and computed:1125294  and if feasible=1
T:137.820000s
s:2 10 12 25 16 13 21 6 25 23 4 3 20 26 15 3 22 12 16 1 15 3 23 5 4 24 19 18 15 17 19 9 7 18 20 17 8 14 14 9 25 15 6 0 2 7 5 22 2 24 1 6 8 11 1 8 10 11 14 22 11 4 6 25 7 0 3 19 21 4 9 23 13 20 7 16 11 23 27 8 1 26 14 12 18 10 16 2 27 21 26 17 18 0 20 12 10 24 5 13 
t:10 9 18 8 17 22 22 14 16 0 12 22 19 16 16 8 14 24 6 23 18 20 3 18 25 20 7 6 2 19 13 1 4 23 4 27 10 17 27 4 12 2 12 11 24 21 9 24 17 20 6 21 11 27 9 11 15 13 3 9 7 22 5 2 8 23 1 0 18 13 26 10 26 5 27 20 25 26 2 25 7 6 7 24 3 5 15 25 5 15 19 21 11 14 13 1 3 16 4 26 
***********
O:1125574 and computed:1125574  and if feasible=1
T:175.630000s
s:2 11 16 25 16 13 12 18 28 19 6 1 6 27 19 1 26 8 25 4 21 5 28 3 2 24 20 25 14 21 27 10 7 9 18 17 11 15 15 10 25 23 4 7 4 7 3 22 2 26 1 7 6 15 6 12 14 11 23 20 15 5 12 23 8 9 9 22 20 4 10 21 13 21 2 18 8 19 28 9 8 22 17 14 16 14 13 5 24 18 27 26 23 5 19 17 11 24 3 16 
t:5 10 26 22 14 19 20 23 25 4 10 24 21 16 26 7 16 26 2 27 26 18 5 20 28 16 12 6 1 22 15 7 5 9 2 27 13 21 17 8 14 4 14 11 25 23 8 25 19 18 8 21 11 27 12 13 17 9 2 11 9 20 3 1 6 10 1 6 6 11 24 13 28 3 24 15 23 25 2 18 5 12 8 20 4 3 17 27 3 12 19 22 16 15 15 4 9 18 7 24 
***********
O:1124251 and computed:1124251  and if feasible=1
T:40.400000s
s:28 19 9 3 13 18 6 22 3 10 25 25 20 2 10 28 4 14 8 27 9 25 3 24 26 5 12 10 11 23 8 7 22 14 10 19 16 16 13 18 4 20 20 28 26 23 24 7 27 5 27 21 22 17 21 21 9 18 11 15 16 23 19 3 21 6 26 15 9 25 6 8 7 4 22 11 14 8 1 17 27 2 16 13 4 17 15 23 1 12 2 11 13 26 17 14 20 5 24 12 
t:20 18 5 22 13 4 12 14 6 26 10 12 28 15 11 22 15 2 23 7 17 12 25 12 3 15 18 23 28 19 16 25 25 6 25 2 17 13 1 21 4 26 13 16 5 9 16 5 19 6 8 9 18 1 18 11 11 17 27 16 20 8 24 26 21 19 27 23 21 14 1 7 3 24 4 5 2 2 28 8 20 20 21 14 26 24 23 3 24 7 10 9 15 10 8 27 6 17 22 3 
***********
O:1125129 and computed:1125129  and if feasible=1
T:98.810000s
s:25 11 11 3 10 15 8 18 3 7 20 25 6 2 10 27 10 19 11 26 13 24 3 23 24 5 7 11 14 9 12 18 22 21 6 13 16 16 14 17 6 14 21 27 28 21 23 4 25 3 26 19 20 14 26 17 20 19 9 7 12 22 21 1 18 28 22 8 8 24 27 5 15 5 24 12 20 5 1 19 26 1 16 16 9 12 17 22 2 4 2 10 9 25 6 13 18 4 23 15 
t:14 22 10 21 13 8 5 11 12 27 19 3 9 14 12 21 16 1 24 6 10 7 23 10 3 5 18 23 26 6 12 25 22 4 24 2 17 8 2 27 13 26 24 18 4 11 20 5 9 4 27 6 20 2 17 15 14 18 25 17 20 5 22 27 19 19 25 26 10 20 1 15 3 22 3 4 1 2 28 7 18 16 17 7 24 23 15 12 23 11 9 8 7 13 16 26 28 16 21 1 
***********
O:1125391 and computed:1125391  and if feasible=1
T:38.030000s
s:26 22 6 4 11 16 8 24 1 5 24 26 21 2 12 25 9 15 4 27 6 25 1 23 25 3 13 9 11 21 5 7 27 15 10 19 9 14 12 18 1 20 20 28 25 22 23 7 27 3 27 21 22 17 22 19 6 17 14 16 15 24 18 8 20 6 19 18 10 24 8 4 7 10 21 11 14 10 1 17 26 5 15 11 9 17 16 26 2 13 2 4 12 28 14 12 20 3 23 13 
t:21 18 3 21 13 9 10 12 3 28 14 5 26 16 11 21 18 5 20 4 17 11 26 11 1 15 17 23 26 19 15 27 23 6 28 2 15 13 9 18 8 24 13 16 1 5 17 4 19 10 7 4 16 2 17 6 9 20 25 15 22 10 22 25 20 19 27 28 22 12 1 6 3 23 2 7 10 2 26 5 20 16 22 14 24 24 23 1 24 8 14 8 11 12 7 27 7 18 25 3 
***********
ArgT:1242.280000s argtime:124.228000s
ArgO:11254570 argvalue:1125457.000000
