O:48407 and computed:48407  and if feasible=1
T:0.140000s
s:4 8 2 6 9 5 6 5 8 0 2 1 8 2 3 1 1 6 5 9 7 7 3 0 4 
t:2 9 7 3 8 9 1 4 1 5 5 6 7 9 2 0 6 0 1 3 6 4 8 5 7 
***********
O:48407 and computed:48407  and if feasible=1
T:0.050000s
s:5 1 7 3 0 4 3 4 1 9 7 8 1 7 6 8 8 3 4 0 2 2 6 9 5 
t:7 0 2 6 1 0 8 5 8 4 4 3 2 0 7 9 3 9 8 6 3 5 1 4 2 
***********
O:48407 and computed:48407  and if feasible=1
T:0.060000s
s:4 8 2 6 9 5 6 5 8 0 2 1 8 2 3 1 1 6 5 9 7 7 3 0 4 
t:2 9 7 3 8 9 1 4 1 5 5 6 7 9 2 0 6 0 1 3 6 4 8 5 7 
***********
O:48407 and computed:48407  and if feasible=1
T:0.210000s
s:5 1 7 3 0 4 3 4 1 9 7 8 1 7 6 8 8 3 4 0 2 2 6 9 5 
t:7 0 2 6 1 0 8 5 8 4 4 3 2 0 7 9 3 9 8 6 3 5 1 4 2 
***********
O:48407 and computed:48407  and if feasible=1
T:0.270000s
s:5 1 7 3 0 4 3 4 1 9 7 8 1 7 6 8 8 3 4 0 2 2 6 9 5 
t:7 0 2 6 1 0 8 5 8 4 4 3 2 0 7 9 3 9 8 6 3 5 1 4 2 
***********
O:48407 and computed:48407  and if feasible=1
T:0.050000s
s:4 8 2 6 9 5 6 5 8 0 2 1 8 2 3 1 1 6 5 9 7 7 3 0 4 
t:2 9 7 3 8 9 1 4 1 5 5 6 7 9 2 0 6 0 1 3 6 4 8 5 7 
***********
O:48407 and computed:48407  and if feasible=1
T:0.220000s
s:4 8 2 6 9 5 6 5 8 0 2 1 8 2 3 1 1 6 5 9 7 7 3 0 4 
t:2 9 7 3 8 9 1 4 1 5 5 6 7 9 2 0 6 0 1 3 6 4 8 5 7 
***********
O:48407 and computed:48407  and if feasible=1
T:0.320000s
s:5 1 7 3 0 4 3 4 1 9 7 8 1 7 6 8 8 3 4 0 2 2 6 9 5 
t:7 0 2 6 1 0 8 5 8 4 4 3 2 0 7 9 3 9 8 6 3 5 1 4 2 
***********
O:48407 and computed:48407  and if feasible=1
T:0.020000s
s:5 1 7 3 0 4 3 4 1 9 7 8 1 7 6 8 8 3 4 0 2 2 6 9 5 
t:7 0 2 6 1 0 8 5 8 4 4 3 2 0 7 9 3 9 8 6 3 5 1 4 2 
***********
O:48407 and computed:48407  and if feasible=1
T:0.010000s
s:5 1 7 3 0 4 3 4 1 9 7 8 1 7 6 8 8 3 4 0 2 2 6 9 5 
t:7 0 2 6 1 0 8 5 8 4 4 3 2 0 7 9 3 9 8 6 3 5 1 4 2 
***********
ArgT:1.350000s argtime:0.135000s
ArgO:484070 argvalue:48407.000000
