O:233209 and computed:233209  and if feasible=1
T:24.050000s
s:11 16 2 12 15 18 15 1 19 1 18 9 19 8 17 8 12 10 7 19 4 13 11 6 7 6 9 4 10 4 17 13 16 9 14 6 18 17 3 14 5 11 3 5 7 13 2 8 3 2 
t:16 8 11 13 7 4 15 17 4 10 4 12 9 18 2 15 16 19 3 1 19 5 8 1 12 9 18 10 11 7 3 5 10 3 17 13 14 2 5 16 1 14 18 17 6 14 2 11 13 6 
***********
O:233209 and computed:233209  and if feasible=1
T:50.020000s
s:8 3 17 7 4 1 4 18 0 18 1 10 0 11 2 11 7 9 12 0 15 6 8 13 12 13 10 15 9 15 2 6 3 10 5 13 1 2 16 5 14 8 16 14 12 6 17 11 16 17 
t:3 11 8 6 12 15 4 2 15 9 15 7 10 1 17 4 3 0 16 18 0 14 11 18 7 10 1 9 8 12 16 14 9 16 2 6 5 17 14 3 18 5 1 2 13 5 17 8 6 13 
***********
O:233209 and computed:233209  and if feasible=1
T:16.190000s
s:11 16 2 12 15 18 15 1 19 1 18 9 19 8 17 8 12 10 7 19 4 13 11 6 7 6 9 4 10 4 17 13 16 9 14 6 18 17 3 14 5 11 3 5 7 13 2 8 3 2 
t:16 8 11 13 7 4 15 17 4 10 4 12 9 18 2 15 16 19 3 1 19 5 8 1 12 9 18 10 11 7 3 5 10 3 17 13 14 2 5 16 1 14 18 17 6 14 2 11 13 6 
***********
O:233209 and computed:233209  and if feasible=1
T:86.080000s
s:11 16 2 12 15 18 15 1 19 1 18 9 19 8 17 8 12 10 7 19 4 13 11 6 7 6 9 4 10 4 17 13 16 9 14 6 18 17 3 14 5 11 3 5 7 13 2 8 3 2 
t:16 8 11 13 7 4 15 17 4 10 4 12 9 18 2 15 16 19 3 1 19 5 8 1 12 9 18 10 11 7 3 5 10 3 17 13 14 2 5 16 1 14 18 17 6 14 2 11 13 6 
***********
O:233394 and computed:233394  and if feasible=1
T:19.750000s
s:5 6 17 7 4 1 3 18 0 18 1 11 0 10 2 10 7 9 12 0 15 5 8 13 12 13 11 15 9 15 2 5 6 11 4 13 1 2 16 3 14 8 16 14 12 8 17 10 16 17 
t:4 11 8 4 8 15 2 7 15 9 15 5 10 1 17 5 4 0 16 18 0 14 11 18 12 10 1 9 6 12 16 14 9 16 3 3 6 17 14 7 18 3 1 2 13 6 17 7 8 13 
***********
O:233209 and computed:233209  and if feasible=1
T:83.960000s
s:11 16 2 12 15 18 15 1 19 1 18 9 19 8 17 8 12 10 7 19 4 13 11 6 7 6 9 4 10 4 17 13 16 9 14 6 18 17 3 14 5 11 3 5 7 13 2 8 3 2 
t:16 8 11 13 7 4 15 17 4 10 4 12 9 18 2 15 16 19 3 1 19 5 8 1 12 9 18 10 11 7 3 5 10 3 17 13 14 2 5 16 1 14 18 17 6 14 2 11 13 6 
***********
O:233209 and computed:233209  and if feasible=1
T:28.540000s
s:9 4 18 8 5 2 5 19 1 19 2 11 1 12 3 12 8 10 13 1 16 7 9 14 13 14 11 16 10 16 3 7 4 11 6 14 2 3 17 6 15 9 17 15 13 7 18 12 17 18 
t:4 12 9 7 13 16 5 3 16 10 16 8 11 2 18 5 4 1 17 19 1 15 12 19 8 11 2 10 9 13 17 15 10 17 3 7 6 18 15 4 19 6 2 3 14 6 18 9 7 14 
***********
O:233209 and computed:233209  and if feasible=1
T:2.700000s
s:11 16 2 12 15 18 15 1 19 1 18 9 19 8 17 8 12 10 7 19 4 13 11 6 7 6 9 4 10 4 17 13 16 9 14 6 18 17 3 14 5 11 3 5 7 13 2 8 3 2 
t:16 8 11 13 7 4 15 17 4 10 4 12 9 18 2 15 16 19 3 1 19 5 8 1 12 9 18 10 11 7 3 5 10 3 17 13 14 2 5 16 1 14 18 17 6 14 2 11 13 6 
***********
O:233397 and computed:233397  and if feasible=1
T:72.920000s
s:6 7 18 8 5 2 4 19 1 19 2 12 1 11 3 11 8 9 13 1 16 6 10 14 13 14 12 16 9 16 3 6 7 12 5 14 2 3 17 4 15 10 17 15 13 10 18 11 17 18 
t:5 12 10 5 10 16 3 8 16 9 16 6 11 2 18 6 5 1 17 19 1 15 12 19 13 11 2 9 7 13 17 15 9 17 4 4 7 18 15 8 19 4 2 3 14 7 18 8 10 14 
***********
O:233209 and computed:233209  and if feasible=1
T:48.360000s
s:10 15 1 11 14 17 14 0 18 0 17 8 18 7 16 7 11 9 6 18 3 12 10 5 6 5 8 3 9 3 16 12 15 8 13 5 17 16 2 13 4 10 2 4 6 12 1 7 2 1 
t:15 7 10 12 6 3 14 16 3 9 3 11 8 17 1 14 15 18 2 0 18 4 7 0 11 8 17 9 10 6 2 4 9 2 16 12 13 1 4 15 0 13 17 16 5 13 1 10 12 5 
***********
ArgT:432.570000s argtime:43.257000s
ArgO:2332463 argvalue:233246.300000
