O:51523 and computed:51523  and if feasible=1
T:5.160000s
s:4 13 0 17 8 11 5 14 12 6 6 9 5 9 18 1 16 3 2 2 19 15 10 7 12 
t:9 0 16 19 18 1 16 14 17 8 15 10 14 11 5 3 2 6 12 7 4 13 11 0 6 
***********
O:51523 and computed:51523  and if feasible=1
T:8.020000s
s:4 13 0 17 8 11 5 14 12 6 6 9 5 9 18 1 16 3 2 2 19 15 10 7 12 
t:9 0 16 19 18 1 16 14 17 8 15 10 14 11 5 3 2 6 12 7 4 13 11 0 6 
***********
O:51523 and computed:51523  and if feasible=1
T:0.650000s
s:4 13 0 17 8 11 5 14 12 6 6 9 5 9 18 1 16 3 2 2 19 15 10 7 12 
t:9 0 16 19 18 1 16 14 17 8 15 10 14 11 5 3 2 6 12 7 4 13 11 0 6 
***********
O:51523 and computed:51523  and if feasible=1
T:0.080000s
s:4 13 0 17 8 11 5 14 12 6 6 9 5 9 18 1 16 3 2 2 19 15 10 7 12 
t:9 0 16 19 18 1 16 14 17 8 15 10 14 11 5 3 2 6 12 7 4 13 11 0 6 
***********
O:51523 and computed:51523  and if feasible=1
T:5.340000s
s:4 13 0 17 8 11 5 14 12 6 6 9 5 9 18 1 16 3 2 2 19 15 10 7 12 
t:9 0 16 19 18 1 16 14 17 8 15 10 14 11 5 3 2 6 12 7 4 13 11 0 6 
***********
O:51523 and computed:51523  and if feasible=1
T:4.270000s
s:15 6 19 2 11 8 14 5 7 13 13 10 14 10 1 18 3 16 17 17 0 4 9 12 7 
t:10 19 3 0 1 18 3 5 2 11 4 9 5 8 14 16 17 13 7 12 15 6 8 19 13 
***********
O:51523 and computed:51523  and if feasible=1
T:0.110000s
s:15 6 19 2 11 8 14 5 7 13 13 10 14 10 1 18 3 16 17 17 0 4 9 12 7 
t:10 19 3 0 1 18 3 5 2 11 4 9 5 8 14 16 17 13 7 12 15 6 8 19 13 
***********
O:51523 and computed:51523  and if feasible=1
T:4.760000s
s:4 13 0 17 8 11 5 14 12 6 6 9 5 9 18 1 16 3 2 2 19 15 10 7 12 
t:9 0 16 19 18 1 16 14 17 8 15 10 14 11 5 3 2 6 12 7 4 13 11 0 6 
***********
O:51523 and computed:51523  and if feasible=1
T:1.290000s
s:15 6 19 2 11 8 14 5 7 13 13 10 14 10 1 18 3 16 17 17 0 4 9 12 7 
t:10 19 3 0 1 18 3 5 2 11 4 9 5 8 14 16 17 13 7 12 15 6 8 19 13 
***********
O:51523 and computed:51523  and if feasible=1
T:9.370000s
s:4 13 0 17 8 11 5 14 12 6 6 9 5 9 18 1 16 3 2 2 19 15 10 7 12 
t:9 0 16 19 18 1 16 14 17 8 15 10 14 11 5 3 2 6 12 7 4 13 11 0 6 
***********
ArgT:39.050000s argtime:3.905000s
ArgO:515230 argvalue:51523.000000
