O:944689 and computed:944689  and if feasible=1
T:90.430000s
s:6 1 16 1 17 14 0 18 16 4 15 5 5 14 16 3 1 9 14 17 3 8 2 5 8 11 10 8 13 11 15 12 4 5 12 9 10 9 6 9 10 12 16 1 10 7 12 18 4 14 4 2 6 6 16 16 15 3 13 2 14 18 11 15 19 7 8 5 2 3 13 3 3 17 11 7 18 18 8 13 11 2 15 12 6 14 1 18 10 8 15 4 17 17 7 11 13 2 9 7 
t:9 10 5 12 2 11 15 2 3 1 16 15 4 9 11 17 16 7 14 4 10 14 1 8 14 3 16 12 4 1 13 4 11 11 5 8 15 8 15 7 6 13 17 14 5 12 9 3 6 11 2 9 5 17 19 18 19 10 9 18 5 2 7 1 18 14 3 16 7 6 17 7 13 12 10 8 18 3 10 7 12 8 6 13 1 2 17 6 15 4 1 18 13 16 10 16 4 6 18 12 
***********
O:944291 and computed:944291  and if feasible=1
T:94.910000s
s:8 2 16 1 15 14 1 18 17 8 16 4 2 14 18 2 11 5 14 17 4 9 1 9 6 12 11 10 7 12 15 13 3 9 13 6 12 11 6 11 7 13 16 1 7 6 10 17 2 14 4 1 7 3 18 16 15 8 10 3 7 18 13 15 19 9 10 5 5 3 11 4 5 17 8 9 18 18 5 14 14 4 15 12 11 16 1 19 6 5 15 3 16 17 2 10 13 4 12 8 
t:12 12 6 13 4 7 15 2 4 1 16 15 2 9 10 17 17 9 14 9 5 9 1 6 13 5 13 13 8 1 11 3 12 12 6 8 16 4 16 8 3 10 18 14 2 10 12 2 5 6 4 7 3 16 18 18 19 5 10 18 4 3 11 1 19 14 5 18 7 9 16 8 14 13 7 7 18 8 6 11 10 11 8 14 1 3 17 5 15 2 1 17 15 17 11 15 3 7 17 13 
***********
O:944402 and computed:944402  and if feasible=1
T:146.200000s
s:3 1 16 1 16 13 1 18 16 7 15 2 2 14 19 8 10 8 15 17 6 11 1 3 6 12 8 9 7 9 16 14 4 9 13 6 13 11 10 10 6 13 18 2 4 7 12 16 3 14 5 5 9 4 19 15 15 11 9 5 7 18 11 15 19 8 10 5 5 4 8 6 1 17 8 12 18 18 6 13 12 3 17 14 11 17 3 18 4 10 15 2 16 17 2 7 14 5 11 12 
t:11 11 6 13 4 10 15 3 4 10 16 15 2 8 7 17 16 9 13 2 2 9 1 10 14 5 14 13 8 1 12 4 11 10 3 9 17 7 16 8 2 8 17 14 4 9 12 3 5 7 5 6 5 17 18 18 19 6 10 18 2 1 12 1 19 14 6 17 6 12 16 7 13 13 6 7 18 8 1 12 9 11 4 14 1 4 16 9 15 2 3 18 15 16 11 15 5 3 18 13 
***********
O:944423 and computed:944423  and if feasible=1
T:188.890000s
s:4 0 16 1 16 14 1 17 15 3 14 2 2 13 17 5 11 8 14 17 4 10 0 3 12 11 8 8 7 9 14 13 4 7 12 6 12 11 9 11 7 10 16 7 5 6 9 16 5 13 3 9 6 4 15 15 16 9 10 5 5 18 12 15 17 6 9 6 3 4 13 1 1 18 8 10 18 18 8 13 13 3 17 12 15 14 2 18 2 8 15 2 17 16 1 7 14 1 11 10 
t:9 11 5 13 3 12 15 7 4 9 16 17 2 8 6 16 15 9 13 1 2 7 4 8 14 5 13 12 5 1 14 3 8 11 2 9 15 10 14 6 2 9 18 13 5 9 11 4 3 7 0 6 4 15 17 17 17 5 10 18 2 1 12 1 18 14 4 17 5 10 16 6 11 10 6 8 18 8 1 10 12 12 3 16 1 3 16 6 14 2 7 18 13 17 11 15 7 3 18 13 
***********
O:944159 and computed:944159  and if feasible=1
T:112.570000s
s:16 18 3 18 3 5 18 1 3 17 5 16 15 5 3 12 10 9 5 2 13 8 19 16 11 7 10 11 12 7 4 6 13 12 6 13 7 8 9 9 11 6 3 17 14 13 8 3 14 7 14 14 15 15 1 4 4 8 10 14 12 1 8 4 0 12 10 17 16 15 11 14 18 2 11 9 1 1 18 6 5 16 4 6 8 2 17 1 13 10 4 17 2 2 18 11 5 15 7 9 
t:7 9 14 7 16 9 5 15 15 10 3 4 16 11 10 3 2 11 6 18 16 12 18 9 7 14 4 6 13 18 4 15 11 7 17 9 3 10 6 12 17 10 1 5 13 12 7 15 15 9 14 12 14 2 2 1 0 13 10 1 16 17 8 18 1 5 13 2 14 8 3 12 5 6 12 13 1 11 19 8 11 8 16 6 18 17 3 18 4 17 17 1 5 2 8 4 13 16 2 6 
***********
O:944232 and computed:944232  and if feasible=1
T:62.870000s
s:16 18 2 18 2 4 18 2 5 15 3 15 14 5 2 14 7 8 4 1 18 10 18 15 10 9 13 14 12 10 4 4 14 11 6 13 7 7 8 8 11 8 3 13 12 13 9 3 12 6 14 8 13 17 4 2 5 15 11 17 12 1 7 5 0 11 10 9 15 17 8 12 18 1 11 9 1 1 12 7 6 16 3 6 4 3 17 0 16 10 4 17 2 3 16 10 5 16 6 9 
t:8 8 14 7 15 8 3 11 17 7 5 2 15 11 14 2 5 10 6 17 15 12 18 8 5 13 5 7 14 18 4 16 7 10 16 11 3 11 4 13 16 10 1 5 13 12 7 17 16 9 14 12 17 3 1 1 0 13 10 1 14 18 9 18 0 4 15 3 12 9 2 11 6 10 12 13 1 12 18 9 9 6 15 6 18 17 2 13 4 15 16 2 6 3 8 4 7 16 1 5 
***********
O:944758 and computed:944758  and if feasible=1
T:108.340000s
s:2 0 17 0 15 11 0 17 15 5 13 4 3 15 13 4 11 9 13 16 0 8 0 3 9 9 4 5 7 7 16 12 3 6 12 6 11 10 10 12 7 8 15 1 8 5 9 17 2 11 4 9 6 2 15 14 14 7 8 1 5 17 10 13 18 6 8 7 3 2 9 4 0 16 7 10 15 17 6 11 13 1 14 12 14 14 1 18 3 12 14 1 17 16 2 5 16 4 13 10 
t:9 10 5 11 3 9 11 1 1 12 14 13 3 6 4 15 16 8 11 2 3 5 0 12 14 6 17 12 6 0 11 2 8 13 3 8 14 9 12 5 2 8 15 11 2 8 9 2 4 12 4 7 1 15 16 16 18 5 10 17 4 1 8 0 17 13 4 15 7 7 17 6 14 7 7 7 18 5 6 10 10 13 3 14 0 0 16 6 16 3 2 17 17 18 9 15 10 1 16 12 
***********
O:944471 and computed:944471  and if feasible=1
T:18.000000s
s:4 0 18 1 16 14 1 17 16 5 14 3 3 12 15 5 11 10 15 17 4 11 2 3 9 11 7 5 7 12 15 14 4 7 10 6 11 12 9 10 6 12 15 3 8 6 12 17 4 13 5 1 9 3 15 15 16 8 9 4 6 18 10 14 18 8 8 7 2 5 13 2 1 18 7 10 17 17 7 13 12 2 16 13 15 14 1 18 1 8 14 0 17 16 2 6 13 2 9 11 
t:9 10 5 12 3 10 14 2 4 8 16 15 3 7 5 16 15 8 13 1 2 7 1 10 13 7 13 13 8 0 14 3 9 12 1 8 16 9 14 5 1 11 17 14 4 8 11 4 5 6 2 6 4 14 17 18 18 6 9 17 3 0 11 1 18 15 5 16 8 11 18 6 10 12 6 7 18 7 6 11 9 12 3 16 1 4 17 8 15 3 2 17 13 18 12 15 10 2 17 13 
***********
O:944913 and computed:944913  and if feasible=1
T:48.370000s
s:8 2 19 1 16 14 1 18 16 8 17 3 4 14 14 5 10 3 14 16 4 10 2 6 6 11 8 9 7 9 15 13 4 10 13 6 12 12 10 11 6 13 17 2 7 7 9 17 3 14 5 2 6 4 17 15 16 9 7 1 5 18 12 14 18 10 11 5 4 3 9 5 8 17 7 12 18 18 3 13 12 1 16 13 15 15 1 19 5 11 15 2 18 17 2 8 15 3 11 9 
t:10 11 5 13 1 8 15 2 4 10 17 14 3 10 7 16 16 10 13 11 2 8 2 12 14 5 15 13 10 1 9 4 12 11 7 10 16 3 14 8 4 7 16 14 4 9 12 2 3 9 5 6 3 17 16 18 19 6 11 18 4 1 12 1 18 14 5 17 6 9 17 8 13 13 6 5 18 8 6 11 7 12 6 15 2 1 17 6 15 4 1 18 16 19 9 15 3 7 18 13 
***********
O:943948 and computed:943948  and if feasible=1
T:28.670000s
s:5 1 18 1 17 14 1 18 15 6 14 4 4 14 16 5 12 11 15 17 1 9 3 5 9 11 6 5 8 8 16 10 4 9 12 6 13 11 11 12 8 12 16 4 7 7 10 18 3 13 5 9 7 2 16 16 14 8 9 2 6 18 13 15 19 7 10 8 3 2 9 3 6 17 8 10 17 18 1 12 13 3 15 13 16 14 2 19 3 10 16 2 18 17 4 7 15 1 14 11 
t:11 13 6 13 2 11 14 3 2 12 16 16 3 6 7 16 15 9 13 5 3 7 1 11 14 6 17 12 7 1 11 1 12 12 6 8 15 10 13 6 4 8 17 14 4 9 12 2 4 10 3 8 2 15 17 18 19 5 10 18 4 1 10 1 18 15 5 16 5 9 18 7 14 8 8 5 19 9 7 11 9 13 4 14 1 2 17 7 15 4 3 18 17 18 10 16 8 5 17 12 
***********
ArgT:899.250000s argtime:89.925000s
ArgO:9444286 argvalue:944428.600000
