O:251950 and computed:251950  and if feasible=1
T:97.730000s
s:24 23 5 25 21 26 3 9 22 4 21 11 15 7 13 20 17 10 8 19 16 13 6 25 8 3 18 26 11 2 6 10 15 12 23 9 6 24 7 5 14 18 22 14 20 17 16 12 23 4 
t:6 23 4 12 11 26 23 15 21 13 24 11 15 10 25 12 9 18 14 20 3 6 7 24 7 16 19 13 12 2 25 14 8 18 22 4 9 20 21 16 15 19 5 26 8 10 5 17 22 17 
***********
O:251950 and computed:251950  and if feasible=1
T:90.320000s
s:6 7 25 5 9 4 27 21 8 26 9 19 15 23 17 10 13 20 22 11 14 17 24 5 22 27 12 4 19 28 24 20 15 18 7 21 24 6 23 25 16 12 8 16 10 13 14 18 7 26 
t:24 7 26 18 19 4 7 15 9 17 6 19 15 20 5 18 21 12 16 10 27 24 23 6 23 14 11 17 18 28 5 16 22 12 8 26 21 10 9 14 15 11 25 4 22 20 25 13 8 13 
***********
O:251950 and computed:251950  and if feasible=1
T:13.120000s
s:25 24 6 26 22 27 4 10 23 5 22 12 16 8 14 21 18 11 9 20 17 14 7 26 9 4 19 27 12 3 7 11 16 13 24 10 7 25 8 6 15 19 23 15 21 18 17 13 24 5 
t:7 24 5 13 12 27 24 16 22 14 25 12 16 11 26 13 10 19 15 21 4 7 8 25 8 17 20 14 13 3 26 15 9 19 23 5 10 21 22 17 16 20 6 27 9 11 6 18 23 18 
***********
O:251990 and computed:251990  and if feasible=1
T:76.660000s
s:7 8 26 6 10 5 28 22 9 27 10 18 17 24 19 11 14 21 23 12 15 19 25 6 23 28 13 5 22 29 25 21 17 20 8 18 25 7 24 26 16 13 9 16 11 14 15 20 8 27 
t:25 8 27 20 20 5 8 19 10 18 7 16 16 21 6 19 22 12 17 11 28 25 24 7 24 15 13 18 16 29 6 15 23 12 9 27 22 11 10 17 19 13 26 5 23 21 26 14 9 14 
***********
O:251950 and computed:251950  and if feasible=1
T:32.640000s
s:4 5 23 3 7 2 25 19 6 24 7 17 13 21 15 8 11 18 20 9 12 15 22 3 20 25 10 2 17 26 22 18 13 16 5 19 22 4 21 23 14 10 6 14 8 11 12 16 5 24 
t:22 5 24 16 17 2 5 13 7 15 4 17 13 18 3 16 19 10 14 8 25 22 21 4 21 12 9 15 16 26 3 14 20 10 6 24 19 8 7 12 13 9 23 2 20 18 23 11 6 11 
***********
O:251950 and computed:251950  and if feasible=1
T:139.190000s
s:23 22 4 24 20 25 2 8 21 3 20 10 14 6 12 19 16 9 7 18 15 12 5 24 7 2 17 25 10 1 5 9 14 11 22 8 5 23 6 4 13 17 21 13 19 16 15 11 22 3 
t:5 22 3 11 10 25 22 14 20 12 23 10 14 9 24 11 8 17 13 19 2 5 6 23 6 15 18 12 11 1 24 13 7 17 21 3 8 19 20 15 14 18 4 25 7 9 4 16 21 16 
***********
O:251950 and computed:251950  and if feasible=1
T:41.100000s
s:5 6 24 4 8 3 26 20 7 25 8 18 14 22 16 9 12 19 21 10 13 16 23 4 21 26 11 3 18 27 23 19 14 17 6 20 23 5 22 24 15 11 7 15 9 12 13 17 6 25 
t:23 6 25 17 18 3 6 14 8 16 5 18 14 19 4 17 20 11 15 9 26 23 22 5 22 13 10 16 17 27 4 15 21 11 7 25 20 9 8 13 14 10 24 3 21 19 24 12 7 12 
***********
O:251950 and computed:251950  and if feasible=1
T:40.430000s
s:23 22 4 24 20 25 2 8 21 3 20 10 14 6 12 19 16 9 7 18 15 12 5 24 7 2 17 25 10 1 5 9 14 11 22 8 5 23 6 4 13 17 21 13 19 16 15 11 22 3 
t:5 22 3 11 10 25 22 14 20 12 23 10 14 9 24 11 8 17 13 19 2 5 6 23 6 15 18 12 11 1 24 13 7 17 21 3 8 19 20 15 14 18 4 25 7 9 4 16 21 16 
***********
O:251950 and computed:251950  and if feasible=1
T:80.140000s
s:5 6 24 4 8 3 26 20 7 25 8 18 14 22 16 9 12 19 21 10 13 16 23 4 21 26 11 3 18 27 23 19 14 17 6 20 23 5 22 24 15 11 7 15 9 12 13 17 6 25 
t:23 6 25 17 18 3 6 14 8 16 5 18 14 19 4 17 20 11 15 9 26 23 22 5 22 13 10 16 17 27 4 15 21 11 7 25 20 9 8 13 14 10 24 3 21 19 24 12 7 12 
***********
O:251950 and computed:251950  and if feasible=1
T:5.940000s
s:24 23 5 25 21 26 3 9 22 4 21 11 15 7 13 20 17 10 8 19 16 13 6 25 8 3 18 26 11 2 6 10 15 12 23 9 6 24 7 5 14 18 22 14 20 17 16 12 23 4 
t:6 23 4 12 11 26 23 15 21 13 24 11 15 10 25 12 9 18 14 20 3 6 7 24 7 16 19 13 12 2 25 14 8 18 22 4 9 20 21 16 15 19 5 26 8 10 5 17 22 17 
***********
ArgT:617.270000s argtime:61.727000s
ArgO:2519540 argvalue:251954.000000
