O:272519 and computed:272519  and if feasible=1
T:4.880000s
s:20 20 4 22 19 15 4 6 26 0 29 15 25 8 10 28 19 12 7 18 16 23 6 26 5 13 17 24 11 7 3 9 16 14 14 8 9 27 2 3 17 21 24 13 11 23 1 12 22 5 
t:5 26 1 12 11 22 22 19 29 10 24 13 16 13 21 14 3 17 24 15 2 6 4 27 0 9 14 12 15 7 19 16 8 28 25 4 9 18 17 26 20 21 7 23 6 10 5 18 23 20 
***********
O:272502 and computed:272502  and if feasible=1
T:61.380000s
s:9 9 25 6 10 14 25 23 3 29 0 14 4 21 19 1 10 17 22 11 13 8 23 3 24 16 12 5 20 22 26 18 13 15 15 21 18 2 27 26 12 7 5 16 20 8 28 17 6 24 
t:24 3 28 16 19 6 6 10 0 20 5 14 13 16 8 15 26 12 5 17 27 23 25 2 29 20 15 14 17 22 10 13 21 1 4 25 18 11 12 3 9 7 22 8 23 18 24 11 7 9 
***********
O:272471 and computed:272471  and if feasible=1
T:64.050000s
s:21 21 4 23 19 15 4 6 26 0 29 15 25 8 10 28 19 12 7 18 16 22 6 26 5 13 17 24 9 7 3 11 16 14 14 8 11 27 2 3 17 20 24 13 9 22 1 12 23 5 
t:5 26 1 13 10 23 23 19 29 9 24 15 16 13 20 14 3 17 24 12 2 6 4 27 0 9 14 15 12 7 19 16 8 28 25 4 11 18 17 26 21 20 7 22 6 11 5 18 22 21 
***********
O:272505 and computed:272505  and if feasible=1
T:99.950000s
s:5 5 25 7 10 14 25 23 3 29 0 14 4 21 19 1 10 17 22 11 13 8 23 3 24 16 12 6 20 22 26 18 13 15 15 21 18 2 27 26 12 9 6 16 20 8 28 17 7 24 
t:24 3 28 17 19 5 5 10 0 20 6 16 13 16 9 15 26 12 6 14 27 23 25 2 29 20 15 17 14 22 4 13 21 1 10 25 18 11 12 3 8 7 22 9 23 18 24 11 7 8 
***********
O:272506 and computed:272506  and if feasible=1
T:5.410000s
s:8 8 25 7 10 14 25 23 3 29 0 14 4 19 21 1 10 17 22 11 13 6 23 3 24 16 12 5 20 22 26 18 13 15 15 19 18 2 27 26 12 9 5 16 20 6 28 17 7 24 
t:24 3 28 16 21 7 7 10 0 20 5 14 13 16 9 15 26 12 5 17 27 23 25 2 29 20 15 14 17 22 10 13 19 1 4 25 18 11 12 3 8 9 22 6 23 18 24 11 6 8 
***********
O:272473 and computed:272473  and if feasible=1
T:95.250000s
s:8 8 25 7 10 14 25 23 3 29 0 14 4 20 21 1 10 17 22 11 13 6 23 3 24 16 12 5 19 22 26 18 13 15 15 20 18 2 27 26 12 9 5 16 19 6 28 17 7 24 
t:24 3 28 17 19 7 7 10 0 20 5 16 13 16 9 15 26 12 5 14 27 23 25 2 29 20 15 17 14 22 10 13 21 1 4 25 18 11 12 3 8 9 22 6 23 18 24 11 6 8 
***********
O:272471 and computed:272471  and if feasible=1
T:198.730000s
s:8 8 25 6 10 14 25 23 3 29 0 14 4 21 19 1 10 17 22 11 13 7 23 3 24 16 12 5 20 22 26 18 13 15 15 21 18 2 27 26 12 9 5 16 20 7 28 17 6 24 
t:24 3 28 16 19 6 6 10 0 20 5 14 13 16 9 15 26 12 5 17 27 23 25 2 29 20 15 14 17 22 10 13 21 1 4 25 18 11 12 3 8 9 22 7 23 18 24 11 7 8 
***********
O:272513 and computed:272513  and if feasible=1
T:11.260000s
s:20 20 4 22 19 15 4 6 26 0 29 15 25 9 8 28 19 12 7 18 16 23 6 26 5 13 17 24 11 7 3 10 16 14 14 9 10 27 2 3 17 21 24 13 11 23 1 12 22 5 
t:5 26 1 12 11 22 22 19 29 9 24 13 16 13 21 14 3 17 24 15 2 6 4 27 0 9 14 12 15 7 19 16 8 28 25 4 10 18 17 26 20 21 7 23 6 10 5 18 23 20 
***********
O:272573 and computed:272573  and if feasible=1
T:35.810000s
s:20 20 4 23 19 15 4 6 27 0 29 15 25 8 9 28 19 12 7 18 16 21 6 27 5 13 17 24 11 7 3 10 16 14 14 8 10 26 2 3 17 22 24 13 11 21 1 12 23 5 
t:5 27 1 13 11 23 23 19 29 9 24 15 16 13 21 14 3 17 24 12 2 6 4 26 0 9 14 15 12 7 19 16 8 28 25 4 10 18 17 27 20 22 7 21 6 10 5 18 22 20 
***********
O:272454 and computed:272454  and if feasible=1
T:65.650000s
s:20 20 4 23 19 15 4 6 26 0 29 15 25 8 10 28 19 12 7 18 16 22 6 26 5 13 17 24 9 7 3 11 16 14 14 8 11 27 2 3 17 21 24 13 9 22 1 12 23 5 
t:5 26 1 12 10 23 23 19 29 9 24 13 16 13 21 14 3 17 24 15 2 6 4 27 0 9 14 12 15 7 19 16 8 28 25 4 11 18 17 26 20 21 7 22 6 11 5 18 22 20 
***********
ArgT:642.370000s argtime:64.237000s
ArgO:2724987 argvalue:272498.700000
