O:49013 and computed:49013  and if feasible=1
T:0.340000s
s:5 1 6 1 0 5 3 4 2 9 8 3 0 7 5 9 8 4 3 0 1 2 6 7 7 
t:7 0 2 5 2 0 3 4 9 6 3 4 1 0 8 9 3 9 8 7 6 6 1 5 2 
***********
O:49013 and computed:49013  and if feasible=1
T:0.010000s
s:4 8 3 8 9 4 6 5 7 0 1 6 9 2 4 0 1 5 6 9 8 7 3 2 2 
t:2 9 7 4 7 9 6 5 0 3 6 5 8 9 1 0 6 0 1 2 3 3 8 4 7 
***********
O:49013 and computed:49013  and if feasible=1
T:0.280000s
s:5 1 6 1 0 5 3 4 2 9 8 3 0 7 5 9 8 4 3 0 1 2 6 7 7 
t:7 0 2 5 2 0 3 4 9 6 3 4 1 0 8 9 3 9 8 7 6 6 1 5 2 
***********
O:49013 and computed:49013  and if feasible=1
T:0.240000s
s:4 8 3 8 9 4 6 5 7 0 1 6 9 2 4 0 1 5 6 9 8 7 3 2 2 
t:2 9 7 4 7 9 6 5 0 3 6 5 8 9 1 0 6 0 1 2 3 3 8 4 7 
***********
O:49013 and computed:49013  and if feasible=1
T:0.160000s
s:4 8 3 8 9 4 6 5 7 0 1 6 9 2 4 0 1 5 6 9 8 7 3 2 2 
t:2 9 7 4 7 9 6 5 0 3 6 5 8 9 1 0 6 0 1 2 3 3 8 4 7 
***********
O:49013 and computed:49013  and if feasible=1
T:0.020000s
s:5 1 6 1 0 5 3 4 2 9 8 3 0 7 5 9 8 4 3 0 1 2 6 7 7 
t:7 0 2 5 2 0 3 4 9 6 3 4 1 0 8 9 3 9 8 7 6 6 1 5 2 
***********
O:49013 and computed:49013  and if feasible=1
T:0.010000s
s:5 1 6 1 0 5 3 4 2 9 8 3 0 7 5 9 8 4 3 0 1 2 6 7 7 
t:7 0 2 5 2 0 3 4 9 6 3 4 1 0 8 9 3 9 8 7 6 6 1 5 2 
***********
O:49013 and computed:49013  and if feasible=1
T:0.020000s
s:4 8 3 8 9 4 6 5 7 0 1 6 9 2 4 0 1 5 6 9 8 7 3 2 2 
t:2 9 7 4 7 9 6 5 0 3 6 5 8 9 1 0 6 0 1 2 3 3 8 4 7 
***********
O:49013 and computed:49013  and if feasible=1
T:0.100000s
s:5 1 6 1 0 5 3 4 2 9 8 3 0 7 5 9 8 4 3 0 1 2 6 7 7 
t:7 0 2 5 2 0 3 4 9 6 3 4 1 0 8 9 3 9 8 7 6 6 1 5 2 
***********
O:49013 and computed:49013  and if feasible=1
T:0.250000s
s:4 8 3 8 9 4 6 5 7 0 1 6 9 2 4 0 1 5 6 9 8 7 3 2 2 
t:2 9 7 4 7 9 6 5 0 3 6 5 8 9 1 0 6 0 1 2 3 3 8 4 7 
***********
ArgT:1.430000s argtime:0.143000s
ArgO:490130 argvalue:49013.000000
