O:47926 and computed:47926  and if feasible=1
T:0.280000s
s:3 9 2 7 9 5 6 6 7 2 2 4 7 4 5 1 1 5 6 9 8 8 3 1 4 
t:5 9 8 3 9 8 4 5 1 4 6 7 8 9 2 2 6 2 1 4 4 3 7 6 7 
***********
O:47926 and computed:47926  and if feasible=1
T:0.030000s
s:7 1 8 3 1 5 4 4 3 8 8 6 3 6 5 9 9 5 4 1 2 2 7 9 6 
t:5 1 2 7 1 2 6 5 9 6 4 3 2 1 8 8 4 8 9 6 6 7 3 4 3 
***********
O:47926 and computed:47926  and if feasible=1
T:0.060000s
s:6 0 7 2 0 4 3 3 2 7 7 5 2 5 4 8 8 4 3 0 1 1 6 8 5 
t:4 0 1 6 0 1 5 4 8 5 3 2 1 0 7 7 3 7 8 5 5 6 2 3 2 
***********
O:47926 and computed:47926  and if feasible=1
T:0.200000s
s:6 0 7 2 0 4 3 3 2 7 7 5 2 5 4 8 8 4 3 0 1 1 6 8 5 
t:4 0 1 6 0 1 5 4 8 5 3 2 1 0 7 7 3 7 8 5 5 6 2 3 2 
***********
O:47926 and computed:47926  and if feasible=1
T:0.000000s
s:6 0 7 2 0 4 3 3 2 7 7 5 2 5 4 8 8 4 3 0 1 1 6 8 5 
t:4 0 1 6 0 1 5 4 8 5 3 2 1 0 7 7 3 7 8 5 5 6 2 3 2 
***********
O:47926 and computed:47926  and if feasible=1
T:0.130000s
s:3 9 2 7 9 5 6 6 7 2 2 4 7 4 5 1 1 5 6 9 8 8 3 1 4 
t:5 9 8 3 9 8 4 5 1 4 6 7 8 9 2 2 6 2 1 4 4 3 7 6 7 
***********
O:47926 and computed:47926  and if feasible=1
T:0.030000s
s:6 0 7 2 0 4 3 3 2 7 7 5 2 5 4 8 8 4 3 0 1 1 6 8 5 
t:4 0 1 6 0 1 5 4 8 5 3 2 1 0 7 7 3 7 8 5 5 6 2 3 2 
***********
O:47926 and computed:47926  and if feasible=1
T:0.210000s
s:7 1 8 3 1 5 4 4 3 8 8 6 3 6 5 9 9 5 4 1 2 2 7 9 6 
t:5 1 2 7 1 2 6 5 9 6 4 3 2 1 8 8 4 8 9 6 6 7 3 4 3 
***********
O:47926 and computed:47926  and if feasible=1
T:0.090000s
s:2 8 1 6 8 4 5 5 6 1 1 3 6 3 4 0 0 4 5 8 7 7 2 0 3 
t:4 8 7 2 8 7 3 4 0 3 5 6 7 8 1 1 5 1 0 3 3 2 6 5 6 
***********
O:47926 and computed:47926  and if feasible=1
T:0.000000s
s:7 1 8 3 1 5 4 4 3 8 8 6 3 6 5 9 9 5 4 1 2 2 7 9 6 
t:5 1 2 7 1 2 6 5 9 6 4 3 2 1 8 8 4 8 9 6 6 7 3 4 3 
***********
ArgT:1.030000s argtime:0.103000s
ArgO:479260 argvalue:47926.000000
