O:183145 and computed:183145  and if feasible=1
T:16.580000s
s:4 4 3 4 3 6 6 2 8 1 3 8 1 5 5 5 8 3 2 6 7 7 5 2 8 7 1 7 7 4 4 4 2 1 3 8 5 6 6 2 5 6 8 7 2 4 3 1 5 1 
t:5 1 2 3 6 5 1 7 3 4 6 8 3 4 1 8 7 6 4 2 2 5 6 5 7 2 6 6 3 8 1 5 7 7 2 4 2 8 3 4 7 7 7 1 8 8 5 4 1 4 
***********
O:183145 and computed:183145  and if feasible=1
T:20.380000s
s:3 3 2 3 2 5 5 1 7 0 2 7 0 4 4 4 7 2 1 5 6 6 4 1 7 6 0 6 6 3 3 3 1 0 2 7 4 5 5 1 4 5 7 6 1 3 2 0 4 0 
t:4 0 1 2 5 4 0 6 2 3 5 7 2 3 0 7 6 5 3 1 1 4 5 4 6 1 5 5 2 7 0 4 6 6 1 3 1 7 2 3 6 6 6 0 7 7 4 3 0 3 
***********
O:183145 and computed:183145  and if feasible=1
T:3.490000s
s:5 5 4 5 4 7 7 3 9 2 4 9 2 6 6 6 9 4 3 7 8 8 6 3 9 8 2 8 8 5 5 5 3 2 4 9 6 7 7 3 6 7 9 8 3 5 4 2 6 2 
t:6 2 3 4 7 6 2 8 4 5 7 9 4 5 2 9 8 7 5 3 3 6 7 6 8 3 7 7 4 9 2 6 8 8 3 5 3 9 4 5 8 8 8 2 9 9 6 5 2 5 
***********
O:183145 and computed:183145  and if feasible=1
T:25.340000s
s:4 4 3 4 3 6 6 2 8 1 3 8 1 5 5 5 8 3 2 6 7 7 5 2 8 7 1 7 7 4 4 4 2 1 3 8 5 6 6 2 5 6 8 7 2 4 3 1 5 1 
t:5 1 2 3 6 5 1 7 3 4 6 8 3 4 1 8 7 6 4 2 2 5 6 5 7 2 6 6 3 8 1 5 7 7 2 4 2 8 3 4 7 7 7 1 8 8 5 4 1 4 
***********
O:183145 and computed:183145  and if feasible=1
T:7.960000s
s:5 5 4 5 4 7 7 3 9 2 4 9 2 6 6 6 9 4 3 7 8 8 6 3 9 8 2 8 8 5 5 5 3 2 4 9 6 7 7 3 6 7 9 8 3 5 4 2 6 2 
t:6 2 3 4 7 6 2 8 4 5 7 9 4 5 2 9 8 7 5 3 3 6 7 6 8 3 7 7 4 9 2 6 8 8 3 5 3 9 4 5 8 8 8 2 9 9 6 5 2 5 
***********
O:183145 and computed:183145  and if feasible=1
T:3.100000s
s:5 5 6 5 6 3 3 7 1 8 6 1 8 4 4 4 1 6 7 3 2 2 4 7 1 2 8 2 2 5 5 5 7 8 6 1 4 3 3 7 4 3 1 2 7 5 6 8 4 8 
t:4 8 7 6 3 4 8 2 6 5 3 1 6 5 8 1 2 3 5 7 7 4 3 4 2 7 3 3 6 1 8 4 2 2 7 5 7 1 6 5 2 2 2 8 1 1 4 5 8 5 
***********
O:183145 and computed:183145  and if feasible=1
T:34.590000s
s:5 5 4 5 4 7 7 3 9 2 4 9 2 6 6 6 9 4 3 7 8 8 6 3 9 8 2 8 8 5 5 5 3 2 4 9 6 7 7 3 6 7 9 8 3 5 4 2 6 2 
t:6 2 3 4 7 6 2 8 4 5 7 9 4 5 2 9 8 7 5 3 3 6 7 6 8 3 7 7 4 9 2 6 8 8 3 5 3 9 4 5 8 8 8 2 9 9 6 5 2 5 
***********
O:183145 and computed:183145  and if feasible=1
T:31.120000s
s:5 5 6 5 6 3 3 7 1 8 6 1 8 4 4 4 1 6 7 3 2 2 4 7 1 2 8 2 2 5 5 5 7 8 6 1 4 3 3 7 4 3 1 2 7 5 6 8 4 8 
t:4 8 7 6 3 4 8 2 6 5 3 1 6 5 8 1 2 3 5 7 7 4 3 4 2 7 3 3 6 1 8 4 2 2 7 5 7 1 6 5 2 2 2 8 1 1 4 5 8 5 
***********
O:183145 and computed:183145  and if feasible=1
T:27.770000s
s:4 4 5 4 5 2 2 6 0 7 5 0 7 3 3 3 0 5 6 2 1 1 3 6 0 1 7 1 1 4 4 4 6 7 5 0 3 2 2 6 3 2 0 1 6 4 5 7 3 7 
t:3 7 6 5 2 3 7 1 5 4 2 0 5 4 7 0 1 2 4 6 6 3 2 3 1 6 2 2 5 0 7 3 1 1 6 4 6 0 5 4 1 1 1 7 0 0 3 4 7 4 
***********
O:183145 and computed:183145  and if feasible=1
T:15.130000s
s:6 6 7 6 7 4 4 8 2 9 7 2 9 5 5 5 2 7 8 4 3 3 5 8 2 3 9 3 3 6 6 6 8 9 7 2 5 4 4 8 5 4 2 3 8 6 7 9 5 9 
t:5 9 8 7 4 5 9 3 7 6 4 2 7 6 9 2 3 4 6 8 8 5 4 5 3 8 4 4 7 2 9 5 3 3 8 6 8 2 7 6 3 3 3 9 2 2 5 6 9 6 
***********
ArgT:185.460000s argtime:18.546000s
ArgO:1831450 argvalue:183145.000000
