O:528368 and computed:528368  and if feasible=1
T:189.010000s
s:3 2 6 3 10 2 14 10 7 1 12 10 16 2 12 16 7 4 13 14 9 11 4 4 7 13 7 13 16 0 11 14 15 5 6 10 16 6 8 0 15 5 19 9 18 2 14 8 0 8 0 11 9 9 13 5 18 17 18 8 1 18 15 2 17 11 1 3 15 12 4 1 12 17 17 
t:2 9 13 10 0 14 9 12 18 3 15 11 17 9 0 4 14 18 12 13 8 7 16 16 6 9 8 0 1 3 8 0 6 12 17 7 2 2 2 12 5 7 3 13 11 17 14 10 15 5 11 18 6 15 1 13 8 17 10 6 3 14 10 16 4 18 1 4 5 16 4 18 1 7 19 
***********
O:528311 and computed:528311  and if feasible=1
T:66.270000s
s:16 19 13 16 13 17 0 11 10 19 7 9 13 17 7 4 12 15 6 5 11 7 15 15 12 6 10 4 4 18 8 11 1 14 10 12 5 5 12 19 1 14 1 8 3 17 1 13 19 10 18 7 9 11 6 14 3 3 2 9 18 3 8 17 2 9 17 16 2 8 15 18 6 4 2 
t:17 11 0 8 18 2 11 6 1 16 1 7 4 8 18 15 3 3 6 13 9 12 5 7 13 12 9 19 18 16 10 18 10 12 4 11 17 17 17 6 14 9 16 5 8 1 1 11 13 14 7 3 13 5 19 6 4 3 12 10 16 4 9 8 15 3 19 15 14 2 15 2 19 10 2 
***********
O:528229 and computed:528229  and if feasible=1
T:158.440000s
s:16 18 13 16 5 17 8 5 11 19 3 9 1 17 7 2 15 15 6 6 4 5 10 15 13 6 11 8 2 19 5 9 7 13 14 11 2 14 10 18 4 15 1 10 4 17 7 10 19 11 18 7 9 12 9 14 1 4 3 12 18 9 3 17 0 8 17 16 6 3 12 19 8 1 2 
t:17 9 7 10 18 9 12 3 1 16 7 5 1 4 18 15 8 4 6 6 10 12 4 3 12 12 8 19 18 16 11 18 13 2 2 14 17 19 17 6 13 11 16 6 5 3 9 4 1 14 5 3 14 8 17 8 11 2 10 11 16 7 9 7 15 10 19 15 13 2 15 1 19 14 0 
***********
O:527730 and computed:527730  and if feasible=1
T:139.080000s
s:2 0 5 3 8 3 11 12 12 1 12 10 17 3 13 16 7 4 10 13 9 8 4 4 7 10 14 10 17 0 13 15 13 6 6 7 16 5 7 0 15 6 18 11 15 2 12 8 0 8 3 11 9 14 9 5 17 15 18 9 1 14 17 2 19 16 1 2 14 16 4 1 11 18 18 
t:3 15 13 8 1 14 7 17 19 2 11 12 18 14 1 4 11 15 10 10 9 7 15 16 7 8 9 0 1 3 14 1 5 16 15 6 3 2 2 11 6 12 3 9 16 18 11 8 17 5 12 17 6 13 0 10 9 17 7 13 2 10 8 13 4 14 0 4 5 16 4 18 0 6 18 
***********
O:528483 and computed:528483  and if feasible=1
T:139.930000s
s:4 0 7 4 11 2 19 12 9 1 19 10 16 2 12 19 3 5 19 18 9 11 11 5 6 16 7 18 15 1 13 10 14 6 8 8 14 12 9 3 17 4 18 10 18 2 17 5 1 7 3 12 11 9 16 6 13 15 16 8 3 19 13 2 17 10 2 5 17 13 7 1 15 14 15 
t:2 10 19 11 0 9 9 13 17 4 18 12 15 10 3 5 19 16 19 18 10 7 16 14 7 8 10 3 3 5 9 2 8 11 15 6 2 1 2 13 6 9 4 17 12 16 17 11 13 7 12 14 3 14 1 16 19 13 8 8 4 15 11 14 5 18 1 4 6 17 5 18 1 7 15 
***********
O:528183 and computed:528183  and if feasible=1
T:25.700000s
s:4 1 5 4 10 2 17 11 8 0 18 7 11 3 12 16 6 3 18 18 11 13 9 3 5 15 7 19 14 2 11 9 16 5 9 7 13 12 7 0 16 4 15 10 18 2 16 6 1 9 2 12 11 8 15 6 15 14 17 8 1 19 12 3 17 10 1 0 17 10 6 2 14 13 14 
t:3 8 17 9 2 15 10 10 16 3 17 12 14 11 0 4 18 18 18 17 9 7 14 13 6 8 9 0 1 3 7 2 8 10 13 5 2 3 2 14 5 10 6 16 12 17 16 11 11 6 12 15 6 15 1 13 19 13 7 8 1 14 9 11 4 19 1 4 5 16 4 18 0 7 15 
***********
O:528056 and computed:528056  and if feasible=1
T:45.560000s
s:2 1 7 3 14 3 17 10 12 0 12 9 17 3 12 16 4 4 11 17 11 10 9 4 8 6 15 10 15 0 14 16 18 5 7 5 13 7 9 1 18 4 19 12 18 2 15 6 0 8 3 10 8 13 11 5 14 13 17 8 1 16 16 2 18 15 1 2 6 16 6 0 9 11 14 
t:3 14 18 6 1 14 7 17 19 2 18 9 16 11 1 4 17 18 10 6 9 9 15 16 5 8 8 0 1 3 15 1 8 14 13 7 3 2 2 10 10 12 3 8 16 16 17 10 14 6 12 11 5 12 0 11 7 6 7 15 2 11 13 13 4 15 0 4 5 13 4 18 0 5 17 
***********
O:528439 and computed:528439  and if feasible=1
T:43.920000s
s:16 18 12 15 9 16 0 7 8 18 6 11 2 16 6 2 14 15 7 3 9 7 10 14 10 8 3 9 4 17 6 4 1 13 12 13 5 12 11 18 1 14 1 10 3 15 0 15 18 11 19 8 10 5 9 13 4 5 1 11 17 2 2 17 0 3 19 17 7 2 14 16 8 6 4 
t:16 5 0 14 16 4 13 2 1 16 1 8 4 7 19 14 6 2 7 10 11 11 3 2 13 10 9 18 17 15 3 19 12 4 5 12 16 18 17 7 10 10 15 9 2 0 0 7 4 13 8 6 13 6 17 8 11 5 14 3 17 9 9 6 14 3 18 15 12 5 15 1 18 11 1 
***********
O:528436 and computed:528436  and if feasible=1
T:95.210000s
s:2 0 6 3 10 3 18 9 11 0 12 10 15 3 14 17 4 4 12 14 12 10 9 4 8 7 9 9 14 1 15 17 17 5 6 5 13 6 8 1 18 4 19 13 15 2 17 7 1 10 3 11 8 13 11 5 14 15 18 8 0 16 16 2 18 16 1 2 7 16 7 0 11 12 16 
t:3 16 17 7 1 13 7 15 18 2 18 10 19 14 1 4 13 17 11 7 9 9 15 16 5 8 8 1 0 3 17 1 8 15 13 7 3 2 2 11 10 12 3 8 16 16 17 12 14 6 12 9 5 14 0 11 6 6 6 9 2 11 10 12 4 15 0 4 5 13 4 18 0 5 18 
***********
O:528507 and computed:528507  and if feasible=1
T:59.580000s
s:3 1 7 2 9 0 15 10 12 0 12 5 18 0 11 18 5 3 11 16 12 10 4 5 8 9 15 10 15 3 17 17 17 6 7 6 13 7 4 2 16 5 18 11 14 0 14 4 2 8 1 10 8 13 9 6 14 13 16 8 3 14 17 0 19 16 1 4 12 18 9 1 11 15 18 
t:0 17 17 8 1 14 9 17 19 1 15 10 18 14 1 6 11 16 10 6 5 8 16 18 6 8 11 4 3 2 14 1 7 13 13 5 0 0 0 11 7 12 3 10 17 16 16 9 15 6 12 11 7 12 2 11 8 13 4 15 4 9 9 15 3 14 2 3 5 13 4 18 2 7 18 
***********
ArgT:962.700000s argtime:96.270000s
ArgO:5282742 argvalue:528274.200000
