O:47314 and computed:47314  and if feasible=1
T:0.080000s
s:1 7 1 6 3 4 5 4 5 2 1 0 7 2 3 0 0 4 5 7 6 6 3 0 2 
t:2 7 6 3 6 7 4 3 0 4 4 5 6 5 1 2 5 0 0 2 1 1 7 4 5 
***********
O:47314 and computed:47314  and if feasible=1
T:0.000000s
s:7 1 7 2 5 4 3 4 3 6 7 8 1 6 5 8 8 4 3 1 2 2 5 8 6 
t:6 1 2 5 2 1 4 5 8 4 4 3 2 3 7 6 3 8 8 6 7 7 1 4 3 
***********
O:47314 and computed:47314  and if feasible=1
T:0.110000s
s:7 1 7 2 5 4 3 4 3 6 7 8 1 6 5 8 8 4 3 1 2 2 5 8 6 
t:6 1 2 5 2 1 4 5 8 4 4 3 2 3 7 6 3 8 8 6 7 7 1 4 3 
***********
O:47314 and computed:47314  and if feasible=1
T:0.220000s
s:2 8 2 7 4 5 6 5 6 3 2 1 8 3 4 1 1 5 6 8 7 7 4 1 3 
t:3 8 7 4 7 8 5 4 1 5 5 6 7 6 2 3 6 1 1 3 2 2 8 5 6 
***********
O:47314 and computed:47314  and if feasible=1
T:0.200000s
s:7 1 7 2 5 4 3 4 3 6 7 8 1 6 5 8 8 4 3 1 2 2 5 8 6 
t:6 1 2 5 2 1 4 5 8 4 4 3 2 3 7 6 3 8 8 6 7 7 1 4 3 
***********
O:47314 and computed:47314  and if feasible=1
T:0.320000s
s:8 2 8 3 6 5 4 5 4 7 8 9 2 7 6 9 9 5 4 2 3 3 6 9 7 
t:7 2 3 6 3 2 5 6 9 5 5 4 3 4 8 7 4 9 9 7 8 8 2 5 4 
***********
O:47314 and computed:47314  and if feasible=1
T:0.040000s
s:7 1 7 2 5 4 3 4 3 6 7 8 1 6 5 8 8 4 3 1 2 2 5 8 6 
t:6 1 2 5 2 1 4 5 8 4 4 3 2 3 7 6 3 8 8 6 7 7 1 4 3 
***********
O:47314 and computed:47314  and if feasible=1
T:0.320000s
s:2 8 2 7 4 5 6 5 6 3 2 1 8 3 4 1 1 5 6 8 7 7 4 1 3 
t:3 8 7 4 7 8 5 4 1 5 5 6 7 6 2 3 6 1 1 3 2 2 8 5 6 
***********
O:47314 and computed:47314  and if feasible=1
T:0.420000s
s:7 1 7 2 5 4 3 4 3 6 7 8 1 6 5 8 8 4 3 1 2 2 5 8 6 
t:6 1 2 5 2 1 4 5 8 4 4 3 2 3 7 6 3 8 8 6 7 7 1 4 3 
***********
O:47314 and computed:47314  and if feasible=1
T:0.430000s
s:7 1 7 2 5 4 3 4 3 6 7 8 1 6 5 8 8 4 3 1 2 2 5 8 6 
t:6 1 2 5 2 1 4 5 8 4 4 3 2 3 7 6 3 8 8 6 7 7 1 4 3 
***********
ArgT:2.140000s argtime:0.214000s
ArgO:473140 argvalue:47314.000000
