O:915894 and computed:915894  and if feasible=1
T:49.200000s
s:12 18 4 18 4 5 18 2 5 14 5 14 13 7 3 16 17 9 6 2 17 17 18 13 11 11 10 12 11 9 4 6 15 14 10 11 11 9 9 10 10 8 4 18 13 12 9 4 15 6 15 18 14 15 3 5 5 16 7 14 8 2 8 6 2 12 9 15 17 15 7 18 12 3 10 13 3 3 12 7 7 16 4 6 16 5 16 2 8 10 6 17 4 3 13 8 7 16 8 17 
t:8 11 14 6 16 9 5 18 17 18 4 6 14 10 8 3 3 9 8 12 13 8 18 10 5 13 7 7 16 18 4 16 8 10 12 13 4 11 6 12 15 9 2 7 14 7 11 15 12 9 17 11 15 4 3 2 2 11 10 3 14 16 14 18 3 5 15 3 14 17 4 12 7 7 11 12 3 17 13 13 10 9 13 5 18 16 5 16 6 15 16 2 6 7 8 6 15 13 2 17 
***********
O:915100 and computed:915100  and if feasible=1
T:145.980000s
s:4 2 18 2 15 15 2 17 16 7 16 3 4 14 15 9 12 8 15 17 6 11 2 4 9 13 11 9 7 11 15 14 6 9 10 7 13 11 10 10 6 12 16 2 6 8 12 17 5 14 5 9 7 5 17 16 14 11 10 4 7 18 11 14 17 8 9 3 6 5 11 6 3 18 8 10 17 18 2 14 13 3 15 13 12 16 3 18 5 8 15 4 17 16 3 8 13 5 12 12 
t:12 11 7 14 4 9 15 8 5 10 15 15 3 9 9 16 16 9 14 4 4 7 2 10 14 6 13 13 9 2 12 6 11 13 4 10 16 8 16 7 5 11 18 14 5 9 13 4 4 8 5 7 5 16 17 17 17 7 10 17 3 2 12 2 18 15 6 16 6 11 18 8 10 12 6 7 18 8 6 12 10 11 5 13 2 3 17 2 15 3 3 18 14 17 12 14 6 3 17 13 
***********
O:916170 and computed:916170  and if feasible=1
T:164.730000s
s:5 1 17 1 14 12 1 17 16 5 13 4 5 15 15 4 9 11 14 16 3 8 1 5 8 9 6 6 7 6 15 13 4 6 12 8 10 11 11 11 7 8 15 2 8 7 12 17 3 14 5 2 9 3 15 14 14 3 13 2 7 17 12 13 17 6 9 10 2 3 11 4 1 16 7 9 15 17 8 11 13 2 14 12 10 13 2 17 6 10 12 4 16 15 4 7 16 3 10 10 
t:10 10 6 11 2 15 12 2 4 10 14 14 4 6 6 15 15 8 12 5 5 7 1 11 14 9 17 12 5 1 13 4 10 10 5 7 14 9 13 6 5 8 16 13 4 12 8 3 5 11 3 8 3 13 16 16 18 7 9 17 4 2 10 1 17 14 3 15 7 3 16 7 13 8 7 8 17 6 7 9 12 11 5 11 1 2 16 9 15 4 2 17 17 17 12 15 9 2 16 13 
***********
O:915698 and computed:915698  and if feasible=1
T:96.020000s
s:6 1 16 1 14 14 1 17 13 7 15 2 3 12 13 7 11 8 14 16 2 11 1 5 5 10 9 7 7 12 12 14 6 8 10 6 11 10 10 9 2 12 17 6 3 5 9 16 5 13 4 5 6 3 14 15 15 9 7 3 5 17 11 14 17 8 9 4 4 4 8 1 1 16 8 10 16 17 5 12 11 4 15 13 12 15 4 17 2 8 14 3 16 15 2 9 13 2 12 11 
t:11 10 5 11 4 9 14 5 5 12 15 14 5 8 7 13 12 9 12 7 2 7 1 9 13 4 12 13 7 1 16 2 10 11 3 9 15 6 15 7 3 8 16 14 6 9 10 5 3 9 1 4 3 15 16 17 17 2 8 16 2 2 12 1 17 14 6 15 4 11 16 8 10 12 2 6 17 8 2 10 7 11 4 13 1 3 16 6 13 3 4 17 13 15 10 14 4 6 17 12 
***********
O:916984 and computed:916984  and if feasible=1
T:194.940000s
s:9 1 17 1 15 13 1 16 14 8 13 4 9 12 15 10 11 7 13 16 3 5 1 9 7 11 10 6 4 4 14 15 5 8 8 6 11 13 7 7 5 11 16 1 6 7 10 16 2 11 3 1 6 4 16 14 14 3 4 2 2 17 12 14 16 8 8 5 3 3 12 2 7 16 4 9 15 17 1 12 13 3 14 12 13 15 2 17 10 5 13 5 17 15 6 9 12 2 10 10 
t:10 10 3 12 2 7 13 1 3 10 14 13 7 8 10 15 14 8 11 9 6 2 1 7 12 6 12 11 8 1 15 4 11 9 8 7 14 6 14 10 5 4 16 13 9 11 12 3 5 6 2 5 4 15 16 16 17 9 7 17 5 2 12 1 17 15 4 15 2 5 16 8 9 11 4 4 17 3 6 10 5 13 7 14 1 2 16 1 13 8 3 17 11 17 12 14 6 9 16 11 
***********
O:916892 and computed:916892  and if feasible=1
T:28.560000s
s:13 17 3 17 2 4 17 7 7 13 6 15 16 5 2 13 11 11 5 2 14 9 17 13 9 8 12 11 1 12 7 6 15 16 9 10 8 7 10 8 4 9 7 16 1 12 3 5 16 6 12 11 12 13 3 6 4 14 4 12 1 3 5 6 7 5 1 11 16 14 7 15 17 3 4 10 2 1 11 8 9 14 3 9 11 5 15 2 14 10 5 15 4 2 15 14 8 17 6 10 
t:11 8 12 8 14 4 4 16 13 11 3 4 16 5 12 2 7 3 4 13 14 1 17 10 6 11 8 7 13 17 3 15 8 9 13 7 6 10 7 12 14 1 3 5 15 1 11 13 12 11 16 1 15 6 2 7 5 14 9 3 16 17 10 17 2 6 14 2 2 10 4 13 5 9 1 9 3 16 14 9 5 10 12 8 17 14 7 12 5 15 15 2 8 2 7 6 11 15 1 9 
***********
O:915060 and computed:915060  and if feasible=1
T:165.260000s
s:13 17 1 17 3 5 17 2 4 12 4 15 13 5 3 10 8 8 4 2 16 8 17 13 11 9 11 10 12 10 3 4 13 11 6 12 7 9 9 7 12 8 3 15 13 12 7 3 16 6 15 16 14 14 2 3 5 8 10 17 16 2 7 6 1 11 10 16 15 15 6 16 11 2 10 9 2 1 14 6 6 16 4 5 7 4 17 1 15 9 5 14 1 3 14 11 5 14 7 8 
t:8 8 16 6 17 9 6 16 15 8 2 3 14 10 10 3 4 11 6 11 15 12 17 8 5 12 6 6 12 17 2 14 9 7 13 9 4 10 4 11 14 10 2 4 13 11 7 16 14 9 16 12 15 3 3 2 1 12 10 2 15 16 8 17 2 4 13 3 14 7 1 11 6 8 12 13 1 11 12 9 9 7 14 5 17 17 4 15 5 14 15 1 5 3 7 5 13 13 1 5 
***********
O:915981 and computed:915981  and if feasible=1
T:8.430000s
s:5 2 18 2 16 11 2 18 14 7 15 4 8 15 15 5 11 10 15 16 3 8 2 6 11 12 6 6 8 7 16 11 4 9 13 9 12 11 11 13 8 12 16 5 9 7 9 15 5 12 5 10 6 4 17 16 14 6 10 2 7 18 13 15 18 7 10 6 3 3 10 5 7 17 8 10 17 17 4 13 16 4 14 14 16 15 2 18 3 12 13 3 17 17 4 8 14 3 13 9 
t:12 13 6 12 2 11 11 5 3 12 17 16 4 8 7 16 14 9 13 6 4 7 2 13 14 9 16 12 7 2 9 3 13 14 7 10 15 11 12 6 3 9 17 14 5 9 11 4 4 10 3 8 3 17 16 18 18 8 11 17 6 3 10 2 17 15 5 15 5 8 18 8 13 9 8 5 18 7 7 12 10 15 6 14 2 2 16 4 15 5 4 18 14 12 10 16 10 6 17 13 
***********
O:915641 and computed:915641  and if feasible=1
T:129.630000s
s:5 1 16 1 14 13 1 17 15 5 14 3 4 13 15 6 9 10 13 16 3 8 2 4 10 9 6 7 8 6 13 13 4 6 12 7 10 11 10 11 8 9 16 4 8 7 11 16 4 12 3 10 7 2 15 15 14 5 7 1 8 17 11 12 16 6 9 8 3 3 12 5 5 17 5 9 17 16 4 12 12 2 15 13 13 14 1 17 2 10 14 3 16 15 2 6 14 2 11 11 
t:10 9 6 12 1 11 14 5 3 10 15 14 4 6 6 15 15 10 12 5 2 7 1 12 14 7 12 13 7 1 13 2 10 10 5 9 15 8 13 6 2 8 17 12 4 7 8 3 3 10 3 8 3 15 17 17 17 7 9 17 4 2 9 1 17 13 4 16 5 11 16 5 12 7 8 5 16 6 8 9 11 11 2 14 1 2 16 7 13 4 2 17 16 15 11 14 9 4 16 13 
***********
O:915469 and computed:915469  and if feasible=1
T:58.790000s
s:13 17 2 17 3 6 17 1 3 12 6 14 13 4 3 10 9 7 4 2 17 16 15 13 10 8 10 10 12 14 4 5 13 11 6 11 8 7 8 7 14 11 4 12 13 11 8 3 12 6 14 8 11 16 2 4 4 15 9 15 14 1 7 4 1 10 9 12 15 15 8 12 16 2 14 9 2 1 14 6 6 15 3 5 5 5 16 1 16 9 5 17 2 3 16 10 5 17 7 7 
t:8 8 12 7 15 7 8 11 16 9 3 4 13 10 11 3 3 9 6 14 16 11 17 7 6 12 5 5 11 17 2 17 7 10 16 10 3 9 5 10 17 13 2 6 10 10 8 14 14 8 15 13 16 4 2 1 1 11 9 1 12 17 7 16 1 4 14 3 12 15 2 11 6 13 14 14 1 12 15 9 6 5 15 5 17 15 3 12 4 13 16 1 5 2 7 4 9 13 2 6 
***********
ArgT:1041.540000s argtime:104.154000s
ArgO:9158889 argvalue:915888.900000
