O:419547 and computed:419547  and if feasible=1
T:171.170000s
s:4 5 7 4 4 6 1 3 2 1 7 4 1 6 6 3 5 8 7 7 3 7 8 6 3 3 1 2 2 3 5 5 4 7 3 2 4 2 3 7 8 5 4 7 2 8 8 6 1 2 3 2 2 1 5 4 5 5 6 1 4 7 8 3 2 8 8 1 7 6 5 6 6 8 6 
t:4 8 7 1 5 6 3 1 5 4 7 6 1 1 2 2 5 2 1 2 8 2 8 2 5 8 7 7 7 5 8 2 4 6 1 3 7 1 7 4 3 7 6 6 4 7 5 4 8 3 4 2 1 3 3 8 6 8 8 4 7 3 2 3 6 4 6 6 5 5 6 4 8 3 5 
***********
O:419588 and computed:419588  and if feasible=1
T:111.210000s
s:3 4 6 5 3 5 0 2 1 0 6 1 2 5 4 2 4 6 4 6 1 6 7 5 3 2 0 0 2 2 6 5 4 5 2 0 3 1 1 6 7 4 3 6 2 7 7 5 0 1 1 1 1 0 4 2 5 3 7 3 3 4 7 1 3 7 7 0 6 5 4 6 5 7 4 
t:1 7 7 0 4 5 3 1 5 3 6 4 0 2 2 2 4 1 2 0 7 1 7 3 4 7 6 6 6 4 7 2 3 5 0 2 6 0 5 4 2 6 4 6 1 6 4 3 7 1 3 1 0 1 0 7 5 6 7 3 5 2 0 2 5 3 5 5 3 6 5 3 7 1 4 
***********
O:419451 and computed:419451  and if feasible=1
T:2.240000s
s:5 4 3 5 5 4 8 6 7 8 2 8 8 4 2 6 4 2 3 3 6 2 1 4 5 7 8 6 7 5 3 4 5 2 6 5 5 7 7 2 1 4 5 2 7 3 1 2 8 6 7 6 8 8 3 7 3 7 3 8 6 3 1 6 8 1 1 7 2 4 5 3 4 1 2 
t:7 1 2 8 4 4 6 8 3 5 2 3 8 7 6 7 3 8 8 7 1 6 1 8 4 1 2 3 2 5 1 7 5 4 8 6 3 8 3 5 6 3 3 3 6 2 4 5 2 7 7 7 8 6 6 1 4 2 1 5 2 5 7 5 2 6 4 4 4 3 2 8 1 5 5 
***********
O:419515 and computed:419515  and if feasible=1
T:51.660000s
s:2 5 7 5 4 6 1 3 2 1 7 4 1 6 6 3 5 8 6 7 3 7 8 6 3 2 1 3 2 4 6 6 4 7 4 3 4 3 2 7 8 5 4 7 2 7 8 6 1 3 1 3 2 1 5 2 5 2 5 1 4 5 8 3 1 8 8 1 7 5 4 6 6 8 5 
t:2 8 7 1 5 6 3 2 6 4 7 5 1 1 3 3 5 2 1 1 8 3 8 2 5 8 7 7 7 5 8 2 4 6 1 3 7 1 6 4 3 7 5 5 4 7 5 4 7 2 2 2 1 4 3 8 6 8 8 4 7 3 1 4 6 4 6 6 5 6 6 2 8 3 4 
***********
O:419553 and computed:419553  and if feasible=1
T:118.640000s
s:5 3 2 5 7 4 8 6 6 8 3 8 8 4 3 6 4 2 3 3 7 2 1 4 6 7 8 6 7 5 3 4 5 3 6 5 5 7 7 2 1 4 5 2 7 1 1 4 8 6 5 6 8 8 3 6 4 7 2 8 7 2 1 5 8 2 1 7 2 3 5 2 4 1 4 
t:2 2 1 8 4 5 6 8 3 5 3 3 8 7 6 7 3 8 8 6 1 6 1 8 3 1 2 3 2 5 1 7 6 4 8 6 2 8 3 5 6 2 4 3 7 2 4 5 1 7 7 7 8 7 6 2 4 2 1 5 3 5 6 5 4 7 4 4 4 2 3 8 1 5 5 
***********
O:419567 and computed:419567  and if feasible=1
T:63.050000s
s:3 3 1 4 5 2 7 5 6 7 1 4 7 2 2 5 3 1 2 1 5 1 0 2 6 4 7 7 6 5 2 2 4 1 5 6 4 6 5 1 0 3 4 1 6 0 0 2 7 6 4 6 6 7 3 4 3 4 3 7 4 2 0 5 6 0 0 7 1 3 5 1 2 0 3 
t:4 1 0 7 3 2 5 6 2 4 1 3 7 7 6 6 3 6 7 7 0 6 0 6 3 0 1 1 1 3 0 6 4 2 7 5 1 7 2 4 5 1 3 3 4 1 3 4 0 5 4 6 7 5 6 0 2 1 0 4 2 5 7 5 2 4 2 2 3 1 2 4 0 5 5 
***********
O:419557 and computed:419557  and if feasible=1
T:117.920000s
s:5 5 7 4 3 6 1 3 2 1 7 4 2 6 6 3 5 7 6 7 3 7 8 6 2 4 1 1 2 3 6 6 4 7 3 2 4 2 3 7 8 5 4 7 2 8 8 6 1 2 4 2 2 1 5 4 5 4 5 1 4 6 8 3 1 8 8 1 7 5 3 7 6 8 5 
t:4 7 8 1 5 6 3 2 6 4 7 5 1 1 2 2 5 2 2 1 8 2 8 1 5 8 7 7 7 5 8 2 4 6 1 3 7 1 6 4 3 7 5 5 4 7 5 4 8 3 4 2 1 3 2 8 6 7 8 4 6 3 1 3 6 4 6 6 5 7 6 4 8 3 3 
***********
O:419561 and computed:419561  and if feasible=1
T:19.210000s
s:7 4 2 4 5 3 8 5 7 8 2 6 8 3 3 6 4 1 3 2 6 2 1 3 6 7 8 5 7 5 3 3 5 2 6 6 5 6 7 2 1 4 5 2 7 2 1 3 8 6 8 6 7 8 4 7 4 7 4 8 5 4 1 6 8 1 1 8 2 4 5 3 3 1 4 
t:7 1 2 8 4 3 6 7 3 5 2 4 8 8 5 6 4 7 8 8 1 6 1 7 4 1 2 2 2 4 1 7 6 3 8 5 2 8 3 5 6 2 4 4 6 2 4 5 2 7 7 7 8 6 6 1 3 1 1 5 2 6 8 5 3 5 3 3 4 3 3 7 1 6 5 
***********
O:419551 and computed:419551  and if feasible=1
T:127.010000s
s:4 3 2 4 4 3 7 5 6 7 1 7 7 3 1 5 3 1 2 2 5 1 0 3 5 6 7 5 6 5 2 3 4 1 4 6 4 6 7 1 0 3 4 1 6 2 0 1 7 5 5 5 7 7 2 6 2 6 2 7 4 2 0 5 6 0 0 6 1 3 4 2 3 0 1 
t:5 0 1 7 3 3 4 7 2 4 1 2 7 7 5 6 2 7 7 6 0 6 0 6 3 0 1 2 1 4 0 6 3 3 7 5 2 7 2 4 5 2 2 2 5 1 3 4 1 6 6 6 7 5 5 0 3 1 0 4 1 5 6 4 1 4 3 3 4 2 1 7 0 5 4 
***********
O:419515 and computed:419515  and if feasible=1
T:14.140000s
s:7 4 2 4 5 3 8 6 7 8 2 5 8 3 3 6 4 1 3 2 6 2 1 3 6 7 8 6 7 5 3 3 5 2 5 6 5 6 7 2 1 4 5 2 7 2 1 3 8 6 8 6 7 8 4 7 4 7 4 8 5 4 1 6 8 1 1 8 2 4 5 3 3 1 4 
t:7 1 2 8 4 3 6 7 3 5 2 4 8 8 6 6 4 7 8 8 1 6 1 7 4 1 2 2 2 4 1 7 5 3 8 6 2 8 3 5 6 2 4 4 5 2 4 5 2 7 7 7 8 5 6 1 3 1 1 5 2 6 8 5 3 5 3 3 4 3 3 7 1 6 5 
***********
ArgT:796.250000s argtime:79.625000s
ArgO:4195405 argvalue:419540.500000
