O:426518 and computed:426518  and if feasible=1
T:172.030000s
s:2 5 7 5 4 6 0 2 3 1 7 2 1 6 6 2 4 8 5 7 2 8 8 6 3 1 1 2 1 4 6 6 4 7 3 3 5 2 2 7 8 4 4 7 0 7 8 6 1 3 3 3 1 0 4 3 5 1 5 0 5 6 8 3 1 8 8 2 7 5 4 4 6 8 5 
t:3 8 8 1 4 6 3 1 6 4 7 5 0 2 2 1 5 1 0 2 8 3 8 0 5 8 7 7 7 4 8 1 5 6 0 2 7 1 6 5 3 7 5 5 3 8 4 4 7 2 1 2 1 2 2 8 6 7 8 4 6 3 3 3 6 4 6 6 5 5 7 1 8 3 4 
***********
O:426526 and computed:426526  and if feasible=1
T:0.970000s
s:6 4 2 5 5 2 8 7 6 9 3 8 7 2 3 7 5 2 4 2 7 2 1 3 6 8 8 7 7 6 3 3 5 3 6 5 5 7 8 2 1 4 5 2 7 1 1 2 9 7 8 6 8 8 4 6 4 8 4 8 5 4 1 6 9 1 1 9 3 4 5 2 3 1 4 
t:6 1 1 9 4 3 6 8 4 5 3 5 8 8 7 7 4 8 7 9 1 6 1 8 4 1 2 3 2 5 1 7 5 2 8 7 2 9 3 5 6 2 4 4 8 2 4 5 1 8 6 7 9 7 7 1 3 2 1 5 3 6 6 6 3 5 2 3 4 2 3 8 1 6 5 
***********
O:426580 and computed:426580  and if feasible=1
T:16.330000s
s:7 4 3 5 5 3 8 6 8 9 2 7 8 3 2 6 5 2 4 3 7 2 1 3 6 8 9 7 7 6 4 3 5 2 6 8 5 7 8 2 1 4 5 2 8 1 1 2 9 7 5 6 7 8 4 6 4 7 4 8 5 3 1 6 8 1 1 9 2 4 5 4 3 1 3 
t:5 2 2 9 4 3 6 9 4 5 2 4 8 8 7 6 4 7 8 9 1 6 1 8 4 1 3 2 2 5 1 8 5 3 8 7 3 9 3 5 6 3 3 4 7 2 4 6 1 7 7 7 8 7 6 1 3 2 1 5 2 6 8 6 2 5 3 1 5 4 4 8 1 6 5 
***********
O:426467 and computed:426467  and if feasible=1
T:141.750000s
s:7 5 3 4 6 3 9 6 8 9 3 5 9 4 4 7 5 1 3 3 7 1 1 4 7 8 8 6 8 6 5 5 6 3 6 6 5 7 8 2 1 5 6 2 8 3 2 2 9 7 7 7 8 9 8 9 4 8 4 9 6 2 2 7 9 2 2 9 3 4 5 3 4 2 4 
t:8 1 2 9 5 4 7 8 8 6 3 4 9 9 6 7 4 8 9 9 1 7 1 8 5 2 2 3 2 5 1 8 6 3 9 6 5 9 3 5 7 3 4 4 7 2 5 6 3 8 9 7 9 7 7 2 4 2 2 5 3 6 8 6 5 6 3 4 4 3 4 9 2 7 5 
***********
O:426518 and computed:426518  and if feasible=1
T:47.930000s
s:7 4 2 4 5 3 9 7 6 8 2 7 8 3 3 7 5 1 4 2 7 1 1 3 6 8 8 7 8 5 3 3 5 2 6 6 4 7 7 2 1 5 5 2 9 2 1 3 8 6 6 6 8 9 5 6 4 8 4 9 4 3 1 6 8 1 1 7 2 4 5 5 3 1 4 
t:6 1 1 8 5 3 6 8 3 5 2 4 9 7 7 8 4 8 9 7 1 6 1 9 4 1 2 2 2 5 1 8 4 3 9 7 2 8 3 4 6 2 4 4 6 1 5 5 2 7 8 7 8 7 7 1 3 2 1 5 3 6 6 6 3 5 3 3 4 4 2 8 1 6 5 
***********
O:426460 and computed:426460  and if feasible=1
T:98.430000s
s:4 5 8 7 4 6 1 3 1 1 7 2 3 6 8 3 5 7 6 7 2 7 7 6 3 4 1 1 3 3 8 6 4 8 2 1 5 2 2 8 7 5 4 8 3 7 9 6 1 2 1 2 2 1 5 4 5 5 6 3 4 5 9 2 3 8 9 1 8 6 4 7 6 7 5 
t:4 7 8 1 5 6 2 1 8 4 8 6 1 3 3 3 5 2 3 1 9 2 7 3 6 7 8 7 7 5 7 4 4 6 1 3 8 1 6 5 3 7 5 7 2 8 5 5 8 2 4 2 1 2 1 9 6 8 9 4 8 3 1 2 6 4 6 6 5 7 8 4 9 2 4 
***********
O:426520 and computed:426520  and if feasible=1
T:166.710000s
s:7 4 2 4 5 3 8 6 7 8 2 5 8 3 2 6 4 0 3 2 5 1 0 3 6 6 7 5 6 5 1 3 4 2 5 8 4 7 7 1 0 4 4 1 7 2 1 3 8 7 8 6 7 8 5 6 5 7 3 8 5 2 1 6 8 1 1 8 2 3 4 1 3 0 4 
t:6 0 1 8 4 3 6 7 2 4 2 4 8 8 6 6 4 7 8 8 1 6 0 7 3 0 1 2 2 4 0 7 4 3 8 5 2 8 2 4 6 2 5 3 5 1 4 5 2 7 6 7 8 5 6 1 3 1 1 3 2 6 8 5 3 5 3 3 4 1 1 7 1 7 5 
***********
O:426528 and computed:426528  and if feasible=1
T:68.530000s
s:5 4 2 4 5 2 8 6 6 8 2 8 8 3 2 7 4 0 3 2 6 2 0 3 5 7 8 6 7 5 3 3 5 2 6 5 4 6 7 1 0 4 5 1 6 1 1 2 8 6 7 5 8 8 4 7 3 7 1 7 5 4 1 6 7 1 1 8 2 3 4 3 3 0 4 
t:7 0 1 8 4 3 6 8 2 5 2 4 8 8 5 7 4 8 7 8 1 6 0 6 3 0 2 2 2 4 0 7 5 3 8 6 1 8 2 4 6 1 4 3 7 1 4 5 1 7 7 6 8 7 6 1 3 1 1 4 2 5 6 4 3 5 2 3 3 3 2 7 1 5 5 
***********
O:426589 and computed:426589  and if feasible=1
T:75.250000s
s:3 4 6 4 1 6 0 2 3 0 6 0 0 5 5 2 4 8 4 7 1 7 8 5 3 1 0 2 1 3 6 5 3 6 2 3 4 1 1 7 8 4 3 7 2 6 7 4 0 2 2 3 0 0 4 1 5 1 6 2 2 7 7 3 1 7 7 0 5 5 4 6 5 8 6 
t:4 8 7 0 4 5 2 0 6 3 6 5 0 0 2 1 4 0 0 1 7 2 8 2 3 8 6 5 7 4 8 1 3 5 0 2 6 0 6 4 2 6 5 6 1 7 4 3 7 1 1 1 0 1 2 7 5 7 7 4 5 3 3 4 5 2 6 5 4 6 6 1 7 3 3 
***********
O:426323 and computed:426323  and if feasible=1
T:16.600000s
s:5 4 2 4 5 2 8 6 8 8 2 7 6 3 2 6 4 0 3 2 7 1 0 3 6 5 8 8 6 6 3 3 5 2 7 8 5 7 7 1 0 4 5 1 6 2 1 1 8 7 8 7 7 8 4 5 3 4 4 6 5 1 1 7 6 1 1 8 2 3 4 3 3 0 4 
t:4 0 1 8 4 3 7 8 3 5 2 3 8 6 6 6 4 7 6 8 1 7 0 6 4 0 2 2 1 4 0 5 5 3 8 6 3 8 2 5 6 2 3 3 7 1 4 5 2 7 5 7 8 7 8 1 3 1 1 5 2 6 8 7 2 5 2 1 4 3 3 5 1 7 4 
***********
ArgT:804.530000s argtime:80.453000s
ArgO:4265029 argvalue:426502.900000
