O:1151278 and computed:1151278  and if feasible=1
T:123.580000s
s:1 5 19 28 17 11 24 2 27 19 3 3 8 28 17 1 26 13 24 8 21 2 27 4 3 25 18 16 18 7 24 22 8 19 17 12 10 15 14 9 27 6 9 1 7 7 5 23 2 25 4 7 8 14 6 11 21 10 16 20 13 6 9 23 13 23 3 22 20 0 25 21 26 13 2 16 14 21 29 12 19 26 12 14 27 10 11 6 28 15 29 18 17 5 16 15 10 22 4 20 
t:7 9 25 6 18 26 21 16 24 0 20 19 1 16 18 8 10 25 3 26 13 15 5 19 27 19 10 5 1 8 13 6 2 27 3 28 11 18 29 10 26 4 14 15 25 22 12 24 14 16 23 20 12 28 10 14 15 12 2 9 5 21 4 4 8 11 2 9 9 11 27 23 28 4 22 21 17 28 24 21 13 12 5 20 3 3 7 29 1 23 17 22 19 17 24 6 25 13 7 27 
***********
O:1151163 and computed:1151163  and if feasible=1
T:68.420000s
s:3 11 22 28 18 12 21 5 28 24 4 3 1 26 17 4 26 15 22 7 21 5 29 2 1 25 16 22 20 9 26 20 7 13 18 10 11 14 17 8 28 11 4 12 0 7 9 20 1 27 2 6 7 13 6 9 23 8 15 14 13 3 12 25 5 23 11 14 21 5 19 23 24 23 1 18 15 22 28 6 15 25 16 18 17 10 10 6 27 19 27 29 17 8 13 16 3 24 2 19 
t:1 10 26 9 19 21 22 16 27 4 19 18 11 13 26 7 12 26 3 29 14 16 12 16 26 14 8 5 1 11 13 9 4 24 2 28 10 15 19 5 25 3 15 15 29 21 6 25 11 20 20 24 13 27 8 23 18 2 1 13 8 20 4 0 7 10 6 12 8 17 28 23 28 4 24 22 25 27 14 23 3 5 5 12 2 3 9 28 2 17 17 21 20 18 22 7 22 14 6 27 
***********
O:1150789 and computed:1150789  and if feasible=1
T:129.960000s
s:0 5 23 27 18 12 21 3 27 23 4 5 7 26 17 1 24 15 23 2 22 3 28 4 2 25 16 17 20 9 24 20 6 13 18 9 6 12 18 11 27 3 6 1 2 8 10 20 0 25 2 5 8 8 7 12 22 11 15 14 13 6 10 26 7 21 9 14 16 0 19 22 24 23 3 18 13 22 27 8 13 25 11 17 17 15 10 5 28 19 28 21 15 1 14 16 7 26 4 19 
t:3 11 23 3 19 24 21 16 25 1 19 20 0 15 22 9 10 25 5 24 13 16 4 16 28 13 8 5 1 6 13 6 4 26 1 29 11 14 19 8 24 1 15 12 27 23 8 26 14 18 20 22 12 28 12 22 18 7 3 8 7 20 7 2 9 11 2 10 10 17 27 23 27 5 26 21 25 28 13 25 7 10 5 14 4 4 9 27 0 17 17 15 20 18 21 2 21 12 6 28 
***********
O:1151283 and computed:1151283  and if feasible=1
T:156.140000s
s:29 7 12 2 12 17 11 21 2 4 22 25 8 0 8 26 10 16 9 27 13 23 0 24 25 3 6 9 14 11 7 17 18 16 8 13 18 19 15 19 2 15 24 28 27 21 22 4 27 3 28 20 16 15 23 22 21 19 9 7 13 23 21 4 20 26 25 10 6 25 24 5 14 5 20 12 20 5 2 18 27 3 12 16 9 15 17 23 1 10 1 6 8 28 5 11 18 1 26 14 
t:16 22 5 16 13 9 5 8 10 27 16 4 6 13 15 19 15 4 23 3 10 8 23 8 1 10 21 23 28 6 12 25 23 1 24 0 17 11 9 24 13 27 22 20 2 7 18 3 11 4 26 6 18 1 20 19 14 18 25 18 20 5 24 27 19 17 28 27 10 17 2 15 2 21 0 5 3 0 26 4 20 21 21 7 26 24 11 2 25 12 7 9 12 14 14 28 26 12 22 1 
***********
O:1150071 and computed:1150071  and if feasible=1
T:113.740000s
s:10 7 24 28 21 11 20 3 28 23 2 5 6 29 17 2 26 16 24 8 20 1 29 2 3 27 14 18 24 7 27 22 8 13 18 10 12 14 17 7 28 8 3 9 4 4 9 22 3 26 5 5 8 13 6 11 21 12 16 15 13 4 14 25 6 22 10 15 20 1 23 24 25 18 4 18 16 21 28 12 16 23 15 17 21 12 11 5 26 19 29 27 17 9 13 19 6 25 1 19 
t:4 10 26 8 20 19 21 17 26 2 20 21 9 12 27 7 11 26 3 27 13 17 12 17 29 13 12 1 5 7 14 8 2 25 3 29 10 15 20 5 25 5 16 16 28 24 6 27 15 19 22 23 14 29 12 23 19 6 1 13 6 22 2 4 8 10 9 11 11 15 28 24 28 2 25 21 18 29 14 24 6 13 5 14 3 3 9 28 1 23 18 16 22 18 21 7 22 11 4 26 
***********
O:1155334 and computed:1155334  and if feasible=1
T:29.450000s
s:22 20 26 14 27 24 16 19 14 10 5 25 1 3 7 23 15 12 12 26 29 22 4 3 2 10 6 13 24 7 29 20 25 7 5 5 28 23 27 21 4 4 21 26 2 22 23 11 2 18 1 17 28 28 25 18 22 6 13 9 27 27 28 16 4 21 19 10 11 7 18 12 15 19 3 13 25 14 9 17 19 8 16 17 17 12 8 26 8 9 15 29 14 24 13 11 2 6 1 20 
t:2 26 29 8 8 13 14 12 14 23 16 6 7 22 24 7 28 27 3 15 5 12 24 12 6 11 22 5 24 2 27 25 19 15 1 11 25 15 8 19 16 1 18 16 5 28 27 13 10 9 21 18 6 9 5 29 22 1 2 27 17 11 28 1 7 4 26 24 9 20 3 20 17 23 4 17 4 14 21 11 23 17 20 6 3 21 23 9 3 18 13 10 21 29 19 26 19 14 25 10 
***********
O:1150523 and computed:1150523  and if feasible=1
T:97.990000s
s:6 9 18 29 15 12 21 15 27 25 1 6 5 28 18 2 24 11 23 7 20 3 28 2 3 25 19 20 17 18 21 10 8 11 23 16 8 18 13 9 27 15 2 14 4 6 10 24 4 26 1 4 7 13 5 12 8 8 20 22 13 3 10 27 5 14 11 22 24 3 14 27 17 23 4 20 7 23 29 6 15 26 16 13 16 11 12 7 28 25 29 19 21 9 22 19 5 26 1 17 
t:4 8 15 14 16 24 23 20 26 3 13 25 19 17 19 7 14 25 3 24 23 20 10 20 28 23 6 1 6 21 12 8 2 22 3 29 11 19 27 6 14 2 13 12 26 21 5 28 16 25 10 24 9 29 10 13 18 5 1 9 5 25 2 1 7 11 4 12 9 11 28 17 29 2 27 23 27 28 6 26 5 12 9 22 3 10 16 29 4 17 22 21 15 18 18 7 15 15 8 26 
***********
O:1151603 and computed:1151603  and if feasible=1
T:120.190000s
s:2 6 19 28 16 11 22 8 28 22 5 4 12 27 18 3 22 17 24 2 23 4 27 3 2 25 15 18 20 8 25 21 7 13 24 10 7 15 17 9 28 7 9 1 4 8 5 20 0 26 3 6 10 12 6 11 18 14 16 14 13 6 9 26 8 20 13 14 23 1 25 19 23 24 4 17 16 24 28 13 7 27 16 17 19 12 11 2 29 21 29 19 18 1 10 15 12 26 5 21 
t:7 11 25 7 22 23 16 17 24 0 22 16 1 13 18 10 11 26 2 25 14 17 4 17 27 13 9 5 2 8 16 3 4 23 2 28 10 15 29 13 19 2 15 15 26 22 12 26 10 24 20 25 14 28 12 19 21 12 3 9 6 24 6 3 8 11 1 5 12 18 27 20 28 6 21 26 27 29 4 16 9 9 6 14 5 5 8 28 4 19 18 23 14 20 24 1 21 13 7 27 
***********
O:1152070 and computed:1152070  and if feasible=1
T:184.600000s
s:27 25 16 1 13 18 6 22 2 17 22 27 15 1 10 28 3 16 5 27 14 26 2 24 26 4 9 9 12 8 8 24 21 17 5 13 21 13 15 20 2 17 20 28 23 21 25 7 26 4 25 22 16 17 23 9 19 18 10 8 15 23 20 3 19 28 23 7 6 27 14 11 14 5 21 11 19 5 0 16 26 3 10 11 2 15 18 22 1 12 0 11 7 29 6 10 19 4 24 12 
t:22 19 11 22 14 3 5 10 4 28 16 9 28 12 11 19 16 4 21 3 5 10 27 6 2 10 20 20 27 8 15 25 23 2 26 1 18 8 0 23 13 24 13 14 4 7 17 4 6 5 24 14 17 1 17 19 11 15 25 21 21 9 21 24 16 18 28 27 15 18 2 12 1 24 0 5 3 1 26 17 20 9 26 12 23 23 8 0 27 7 7 6 20 13 15 25 26 9 22 2 
***********
O:1154987 and computed:1154987  and if feasible=1
T:196.400000s
s:28 20 12 1 6 18 15 20 5 10 24 25 17 4 11 27 7 8 8 29 9 25 5 23 26 10 9 11 13 17 9 19 19 22 1 0 17 12 6 19 6 21 22 28 26 20 24 7 26 4 27 21 16 1 21 18 5 15 12 13 16 22 2 3 20 23 25 14 14 27 23 16 14 1 21 8 16 6 0 17 26 2 12 11 11 8 18 25 3 2 3 4 10 28 5 15 22 7 24 13 
t:21 19 4 21 9 10 7 8 7 27 21 6 28 1 10 20 5 3 22 5 14 6 27 12 6 16 1 24 27 9 12 25 23 16 26 4 19 17 2 23 5 27 11 15 0 13 18 7 2 0 24 11 14 3 22 9 16 18 25 18 23 14 22 26 17 19 28 29 7 11 4 15 0 24 2 6 1 4 26 14 22 18 20 13 26 23 17 3 25 15 10 13 12 8 12 28 24 8 20 3 
***********
ArgT:1220.470000s argtime:122.047000s
ArgO:11519101 argvalue:1151910.100000
