O:48672 and computed:48672  and if feasible=1
T:1.010000s
s:1 7 3 5 9 5 7 4 3 0 4 0 7 3 2 0 5 6 6 9 8 8 2 5 1 
t:5 9 8 4 8 8 1 2 0 6 6 4 7 9 3 0 6 0 5 2 1 1 7 3 3 
***********
O:48672 and computed:48672  and if feasible=1
T:0.360000s
s:1 7 3 5 9 5 7 4 3 0 4 0 7 3 2 0 5 6 6 9 8 8 2 5 1 
t:5 9 8 4 8 8 1 2 0 6 6 4 7 9 3 0 6 0 5 2 1 1 7 3 3 
***********
O:48672 and computed:48672  and if feasible=1
T:0.170000s
s:8 2 6 4 0 4 2 5 6 9 5 9 2 6 7 9 4 3 3 0 1 1 7 4 8 
t:4 0 1 5 1 1 8 7 9 3 3 5 2 0 6 9 3 9 4 7 8 8 2 6 6 
***********
O:48672 and computed:48672  and if feasible=1
T:0.620000s
s:8 2 6 4 0 4 2 5 6 9 5 9 2 6 7 9 4 3 3 0 1 1 7 4 8 
t:4 0 1 5 1 1 8 7 9 3 3 5 2 0 6 9 3 9 4 7 8 8 2 6 6 
***********
O:48672 and computed:48672  and if feasible=1
T:0.210000s
s:8 2 6 4 0 4 2 5 6 9 5 9 2 6 7 9 4 3 3 0 1 1 7 4 8 
t:4 0 1 5 1 1 8 7 9 3 3 5 2 0 6 9 3 9 4 7 8 8 2 6 6 
***********
O:48672 and computed:48672  and if feasible=1
T:1.690000s
s:1 7 3 5 9 5 7 4 3 0 4 0 7 3 2 0 5 6 6 9 8 8 2 5 1 
t:5 9 8 4 8 8 1 2 0 6 6 4 7 9 3 0 6 0 5 2 1 1 7 3 3 
***********
O:48672 and computed:48672  and if feasible=1
T:0.120000s
s:8 2 6 4 0 4 2 5 6 9 5 9 2 6 7 9 4 3 3 0 1 1 7 4 8 
t:4 0 1 5 1 1 8 7 9 3 3 5 2 0 6 9 3 9 4 7 8 8 2 6 6 
***********
O:48672 and computed:48672  and if feasible=1
T:0.090000s
s:8 2 6 4 0 4 2 5 6 9 5 9 2 6 7 9 4 3 3 0 1 1 7 4 8 
t:4 0 1 5 1 1 8 7 9 3 3 5 2 0 6 9 3 9 4 7 8 8 2 6 6 
***********
O:48672 and computed:48672  and if feasible=1
T:0.130000s
s:1 7 3 5 9 5 7 4 3 0 4 0 7 3 2 0 5 6 6 9 8 8 2 5 1 
t:5 9 8 4 8 8 1 2 0 6 6 4 7 9 3 0 6 0 5 2 1 1 7 3 3 
***********
O:48672 and computed:48672  and if feasible=1
T:0.220000s
s:1 7 3 5 9 5 7 4 3 0 4 0 7 3 2 0 5 6 6 9 8 8 2 5 1 
t:5 9 8 4 8 8 1 2 0 6 6 4 7 9 3 0 6 0 5 2 1 1 7 3 3 
***********
ArgT:4.620000s argtime:0.462000s
ArgO:486720 argvalue:48672.000000
