O:929839 and computed:929839  and if feasible=1
T:147.080000s
s:13 18 2 18 4 7 18 2 3 15 5 16 17 4 5 15 8 9 4 2 18 10 16 14 8 9 13 13 12 10 3 7 15 11 6 13 8 6 9 7 12 10 4 14 11 14 9 3 16 9 14 10 11 17 3 4 5 15 8 15 12 1 7 5 1 13 11 12 14 16 10 14 18 3 12 10 2 2 10 7 5 16 5 6 4 6 17 1 16 8 4 17 2 3 17 12 6 18 7 11 
t:10 8 14 8 18 9 6 14 15 10 5 4 16 13 13 3 3 11 7 17 15 12 18 6 7 13 3 7 15 18 9 17 7 7 17 11 5 9 6 13 18 10 2 5 15 11 8 16 14 9 16 12 16 4 2 1 1 17 8 2 14 18 10 18 2 5 15 3 13 11 4 12 6 10 12 11 2 12 18 10 8 6 13 5 17 15 3 12 4 17 16 1 2 2 9 4 11 14 3 7 
***********
O:930028 and computed:930028  and if feasible=1
T:180.870000s
s:5 2 17 1 15 14 1 18 16 3 14 4 7 14 16 3 5 7 16 16 2 10 2 6 8 7 6 5 10 11 16 13 4 9 12 6 11 10 8 10 9 12 15 7 8 8 11 18 4 13 6 8 5 3 17 16 15 3 13 1 9 18 12 14 18 9 10 8 5 2 12 6 6 17 10 9 17 17 4 13 12 3 15 13 11 14 1 18 4 7 15 2 17 15 4 11 14 2 12 11 
t:11 8 5 12 2 8 14 7 3 7 14 16 4 9 13 16 16 10 13 6 3 9 2 7 13 6 15 12 3 1 15 2 12 11 4 8 15 6 13 5 4 11 17 13 7 11 5 1 4 9 4 8 2 15 16 18 18 7 10 18 6 2 9 1 17 14 3 16 6 9 17 10 12 10 10 6 18 5 8 10 12 11 4 15 1 2 17 7 16 3 3 18 14 17 12 14 8 5 17 13 
***********
O:928949 and computed:928949  and if feasible=1
T:111.440000s
s:15 18 1 18 4 5 18 2 3 13 5 16 13 4 3 12 8 11 4 2 14 9 18 16 10 7 14 15 12 11 3 6 12 10 7 12 7 8 10 9 12 7 4 17 11 13 9 2 16 6 14 9 14 15 3 4 5 11 9 16 13 1 7 5 1 13 10 14 17 16 8 17 17 2 11 10 2 2 16 6 8 17 5 6 4 5 17 1 14 9 4 15 3 3 15 11 6 18 8 8 
t:8 7 14 8 16 10 5 17 15 8 5 4 16 11 12 3 3 10 6 16 15 13 18 9 6 14 3 6 13 18 5 15 8 8 14 10 4 10 4 14 15 11 2 5 12 10 7 16 15 11 17 12 15 5 2 1 1 12 9 2 16 18 7 18 1 4 12 3 14 9 2 12 7 10 13 11 1 13 13 8 9 7 16 6 18 17 3 14 3 13 17 2 6 1 9 4 11 17 2 6 
***********
O:930129 and computed:930129  and if feasible=1
T:30.840000s
s:3 2 13 2 17 15 1 18 16 4 15 5 6 13 17 6 10 9 16 18 2 11 2 5 8 10 9 9 8 11 17 13 5 10 12 6 14 11 11 12 7 12 16 5 7 7 10 17 5 14 6 7 8 4 17 16 15 11 9 3 8 19 13 15 18 8 11 7 4 3 9 5 2 18 9 12 18 18 8 14 14 3 15 13 17 15 3 19 4 12 16 2 16 17 4 6 14 7 13 10 
t:12 13 6 14 4 8 15 5 3 11 15 17 5 9 7 17 16 10 14 2 4 8 2 12 14 6 14 12 7 1 10 4 11 13 2 11 16 9 15 8 4 10 18 14 6 9 10 3 7 10 5 7 3 17 18 18 19 6 11 19 6 2 12 2 19 15 5 17 6 11 16 7 13 12 8 8 18 9 4 12 9 13 4 15 2 3 16 8 16 5 3 18 13 16 11 17 7 4 18 14 
***********
O:930388 and computed:930388  and if feasible=1
T:97.050000s
s:5 1 14 1 16 14 1 18 15 6 15 4 5 14 16 8 11 10 15 17 2 10 2 4 9 12 6 7 7 7 14 10 4 5 12 6 12 11 11 10 7 12 16 1 8 6 10 18 2 13 5 9 8 3 15 17 14 4 8 3 8 18 12 15 17 7 9 9 2 4 9 4 5 17 7 11 16 17 9 13 13 2 15 13 14 16 3 17 2 9 14 3 18 16 3 6 13 1 11 10 
t:11 12 5 13 3 10 15 2 3 11 15 15 4 7 6 16 14 9 14 4 2 6 1 10 13 6 14 13 8 1 10 4 11 11 5 8 17 9 14 7 3 8 16 14 4 8 12 3 5 9 2 7 2 16 17 18 14 6 9 18 5 1 12 1 17 16 4 16 8 10 17 6 12 7 7 7 17 5 6 11 9 12 8 13 1 3 18 8 15 4 3 18 13 14 10 15 11 2 17 13 
***********
O:929482 and computed:929482  and if feasible=1
T:49.300000s
s:15 18 1 18 3 5 18 2 4 12 4 16 14 5 3 10 8 9 5 2 14 10 18 16 10 9 11 11 13 10 5 6 15 11 7 11 8 7 8 8 13 8 4 18 12 14 9 2 16 6 14 17 15 15 3 5 3 12 9 16 13 1 7 4 1 12 11 13 15 16 7 16 17 2 13 10 3 2 14 6 7 17 4 6 4 5 17 1 12 9 5 17 2 3 17 13 6 14 7 10 
t:8 8 13 6 15 9 5 18 14 7 4 5 16 11 10 3 3 12 6 17 17 11 18 8 6 11 7 7 12 18 3 15 7 8 12 11 4 10 5 12 15 9 3 6 15 12 8 16 14 9 16 13 16 4 3 1 1 13 10 2 16 17 10 18 2 5 14 3 14 10 2 13 7 11 13 14 1 12 14 11 9 7 15 4 18 17 2 15 5 15 17 2 6 1 9 4 13 17 2 6 
***********
O:929814 and computed:929814  and if feasible=1
T:70.180000s
s:8 2 17 1 16 15 1 18 14 8 15 4 5 12 16 7 3 4 15 18 4 9 3 8 10 10 9 9 14 9 15 12 5 10 12 5 9 12 2 11 9 11 16 2 11 6 13 17 5 13 6 2 7 7 15 17 14 7 14 3 14 18 13 15 18 10 11 3 6 5 13 4 1 17 12 7 17 18 6 13 13 4 16 10 3 16 3 18 6 4 15 6 17 16 2 8 11 2 12 8 
t:8 9 5 13 6 12 15 3 7 2 16 15 5 10 9 16 14 11 14 8 4 14 1 2 14 4 11 11 7 1 15 4 11 9 6 11 16 3 15 9 6 13 17 14 7 12 10 5 6 5 4 11 6 16 17 18 18 4 9 18 4 2 8 1 18 13 6 16 11 7 17 10 12 10 12 8 18 3 1 7 12 10 7 13 2 3 17 2 14 5 2 18 12 17 13 15 3 8 17 8 
***********
O:929643 and computed:929643  and if feasible=1
T:176.620000s
s:16 19 5 18 4 6 19 2 3 15 4 17 15 7 5 14 9 11 6 3 16 10 17 17 10 8 12 12 13 12 4 6 15 11 8 13 8 9 9 10 13 8 6 19 14 13 9 4 17 6 15 18 13 16 4 4 5 11 11 16 14 2 8 5 2 12 11 14 17 17 12 14 18 3 12 9 2 3 12 7 7 18 5 6 7 4 18 2 15 10 5 16 2 3 18 10 7 14 7 10 
t:9 8 15 7 16 8 5 19 16 9 5 5 17 12 13 3 4 11 6 16 18 13 19 10 7 14 7 8 14 19 6 14 9 10 16 11 4 11 4 12 16 12 5 7 14 11 8 17 15 10 15 14 16 3 2 3 2 13 10 2 17 18 9 18 2 6 15 4 14 9 3 13 7 11 14 12 2 12 17 9 11 8 17 6 18 17 4 13 4 15 18 2 6 2 10 5 13 18 3 7 
***********
O:929533 and computed:929533  and if feasible=1
T:147.950000s
s:16 18 1 18 3 4 18 2 5 15 4 15 12 6 3 14 7 9 4 3 18 10 17 15 9 10 13 13 11 11 4 4 15 10 7 12 8 9 9 7 11 12 2 13 11 13 8 4 14 7 14 9 14 16 3 4 5 14 5 15 12 1 6 5 1 13 10 11 17 17 8 13 17 2 11 10 2 2 14 6 6 16 5 7 8 3 16 1 17 9 6 17 2 3 16 12 6 18 8 8 
t:12 8 14 8 15 8 5 13 17 9 4 5 15 13 13 3 4 10 6 17 16 11 18 8 7 11 6 7 14 18 4 18 9 7 17 9 5 10 4 14 16 11 3 5 14 10 12 16 15 8 17 11 17 3 2 2 1 12 9 2 14 18 10 18 1 3 15 3 14 9 2 12 6 12 11 11 1 13 12 10 7 7 15 6 18 16 4 13 4 15 16 2 6 1 9 5 10 16 2 6 
***********
O:929925 and computed:929925  and if feasible=1
T:148.580000s
s:5 1 17 1 16 13 1 18 16 8 14 4 4 14 15 8 10 11 14 18 4 9 3 6 5 11 7 8 6 9 14 13 3 9 12 6 11 14 11 11 7 12 16 1 6 7 10 16 3 12 4 1 8 2 14 16 15 9 7 2 6 18 13 15 17 8 10 3 5 3 7 4 5 17 7 10 17 17 5 12 14 2 15 12 13 15 2 18 5 10 15 2 17 16 3 9 13 4 13 9 
t:11 11 4 12 2 13 15 1 4 10 15 15 3 8 7 16 17 9 12 8 3 7 1 11 13 5 14 12 8 1 9 3 13 11 5 10 16 7 13 8 2 7 18 14 4 8 11 2 5 10 4 6 2 16 17 18 18 6 10 17 4 2 12 1 17 14 6 15 6 9 16 8 13 9 6 5 17 9 6 10 7 14 6 12 1 3 16 5 15 3 2 18 13 17 10 14 3 5 17 12 
***********
ArgT:1159.910000s argtime:115.991000s
ArgO:9297730 argvalue:929773.000000
