O:329126 and computed:329126  and if feasible=1
T:34.890000s
s:33 19 32 38 11 30 12 18 31 32 19 3 22 27 6 16 8 28 26 4 9 13 21 16 7 17 25 5 1 35 14 2 29 34 20 15 0 24 10 41 14 42 39 37 36 23 8 13 9 40 
t:26 1 26 13 32 29 33 19 20 9 28 36 35 16 24 15 23 12 37 5 18 3 7 22 20 4 21 17 27 40 17 32 39 25 34 33 38 34 19 30 41 2 16 14 31 30 6 8 11 10 
***********
O:329115 and computed:329115  and if feasible=1
T:145.210000s
s:9 22 10 4 31 12 30 24 11 10 22 39 21 15 36 26 34 14 16 38 33 29 23 26 35 25 17 37 42 7 28 40 13 8 20 27 41 18 32 1 28 0 3 5 6 19 34 29 33 2 
t:16 41 16 29 10 13 9 19 20 33 14 6 7 26 18 27 23 30 5 37 24 39 35 22 20 38 21 25 15 2 25 10 3 17 8 9 4 8 19 12 1 40 26 28 11 12 36 34 31 32 
***********
O:329140 and computed:329140  and if feasible=1
T:65.510000s
s:11 22 12 2 31 14 30 24 5 12 22 39 21 15 36 26 34 13 16 38 33 29 23 26 35 25 17 37 42 6 28 40 9 10 20 27 41 18 32 7 28 0 4 1 3 19 34 29 33 8 
t:18 41 14 29 12 10 14 19 20 33 13 7 6 26 16 27 23 30 2 37 24 39 35 22 20 38 21 25 15 8 25 12 5 17 11 8 3 11 19 18 1 40 26 28 9 4 36 34 31 32 
***********
O:329115 and computed:329115  and if feasible=1
T:163.410000s
s:9 22 10 4 31 12 30 24 11 10 22 39 21 15 36 26 34 14 16 38 33 29 23 26 35 25 17 37 42 7 28 40 13 8 20 27 41 18 32 1 28 0 3 5 6 19 34 29 33 2 
t:16 41 16 29 10 13 9 19 20 33 14 6 7 26 18 27 23 30 5 37 24 39 35 22 20 38 21 25 15 2 25 10 3 17 8 9 4 8 19 12 1 40 26 28 11 12 36 34 31 32 
***********
O:329237 and computed:329237  and if feasible=1
T:162.480000s
s:25 32 42 40 11 23 12 18 39 19 19 3 22 27 6 16 8 28 26 4 9 13 20 16 7 17 21 5 0 35 14 2 34 30 38 15 1 24 10 33 14 32 36 41 37 31 8 13 9 29 
t:23 1 28 13 25 33 19 30 19 9 22 34 41 16 26 15 20 12 37 5 18 3 7 24 31 4 39 17 27 28 17 25 35 21 29 31 36 29 30 23 32 2 16 14 40 38 6 8 11 10 
***********
O:329133 and computed:329133  and if feasible=1
T:121.930000s
s:31 20 30 39 11 28 12 18 35 30 20 3 21 27 6 16 8 29 26 4 9 13 19 16 7 17 25 5 1 36 14 2 33 32 22 15 0 24 10 37 14 42 41 38 40 23 8 13 9 34 
t:24 1 28 13 30 32 28 23 22 9 29 37 35 16 26 15 19 12 38 5 18 3 7 20 22 4 21 17 27 34 17 30 36 25 31 34 40 31 23 24 39 2 16 14 33 41 6 8 11 10 
***********
O:329115 and computed:329115  and if feasible=1
T:123.920000s
s:33 20 32 38 11 30 12 18 31 32 20 3 21 27 6 16 8 28 26 4 9 13 19 16 7 17 25 5 0 35 14 2 29 34 22 15 1 24 10 41 14 42 39 37 36 23 8 13 9 40 
t:26 1 26 13 32 29 33 23 22 9 28 36 35 16 24 15 19 12 37 5 18 3 7 20 22 4 21 17 27 40 17 32 39 25 34 33 38 34 23 30 41 2 16 14 31 30 6 8 11 10 
***********
O:329115 and computed:329115  and if feasible=1
T:52.370000s
s:9 22 10 4 31 12 30 24 11 10 22 39 21 15 36 26 34 14 16 38 33 29 23 26 35 25 17 37 42 7 28 40 13 8 20 27 41 18 32 1 28 0 3 5 6 19 34 29 33 2 
t:16 41 16 29 10 13 9 19 20 33 14 6 7 26 18 27 23 30 5 37 24 39 35 22 20 38 21 25 15 2 25 10 3 17 8 9 4 8 19 12 1 40 26 28 11 12 36 34 31 32 
***********
O:329227 and computed:329227  and if feasible=1
T:97.330000s
s:33 31 42 40 11 22 12 18 39 20 20 3 34 32 6 16 8 28 38 4 9 13 19 16 7 17 21 5 1 36 14 2 26 25 24 15 0 35 10 27 14 31 23 41 37 30 8 13 9 29 
t:33 1 28 13 33 26 20 25 20 9 22 34 41 16 36 15 19 12 35 5 18 3 7 31 28 4 39 17 30 27 17 38 23 21 29 27 37 29 25 24 32 2 16 14 40 24 6 8 11 10 
***********
O:329576 and computed:329576  and if feasible=1
T:146.280000s
s:33 18 34 38 11 28 12 20 35 24 18 4 19 31 8 17 0 25 32 5 6 13 15 17 9 14 27 7 2 36 23 3 29 26 21 16 1 30 10 41 23 34 42 39 37 22 24 13 6 40 
t:30 1 30 13 33 29 25 22 21 8 24 37 36 14 32 23 16 12 39 7 18 4 9 19 21 2 20 15 31 41 15 33 35 28 26 25 38 26 22 27 40 3 14 17 34 27 6 5 11 10 
***********
ArgT:1113.330000s argtime:111.333000s
ArgO:3291899 argvalue:329189.900000
