O:1080097 and computed:1080097  and if feasible=1
T:25.300000s
s:10 16 25 24 17 13 24 8 26 20 8 6 4 27 21 7 19 9 19 9 18 5 28 5 3 26 21 23 18 20 16 11 11 23 21 15 13 17 16 9 26 10 7 12 6 6 15 27 4 22 4 6 12 13 7 8 11 10 18 25 17 6 10 23 3 15 16 23 22 8 14 24 13 22 5 20 14 25 28 9 19 26 14 14 24 12 12 7 27 18 28 19 22 11 21 20 5 25 4 17 
t:5 10 12 11 15 24 21 19 19 8 10 27 20 17 18 8 13 20 3 23 19 21 11 22 27 22 10 4 6 22 17 12 7 24 4 27 13 21 28 6 16 6 14 14 27 25 9 25 20 21 12 16 11 28 9 13 18 3 4 13 8 26 7 4 9 16 11 10 12 14 27 18 28 6 26 24 22 26 14 25 5 7 5 25 6 8 17 15 5 24 23 23 19 17 15 9 20 15 7 26 
***********
O:1083364 and computed:1083364  and if feasible=1
T:101.260000s
s:11 25 28 10 27 28 12 17 10 22 19 24 5 7 13 20 13 18 14 12 22 22 8 4 4 10 9 15 23 19 28 25 26 16 14 7 29 20 25 24 8 4 22 19 6 23 27 9 5 18 4 20 27 28 26 17 24 20 16 9 27 19 26 12 21 15 11 14 18 17 13 6 5 12 5 16 21 18 8 16 15 6 26 16 15 23 21 25 7 23 10 24 14 11 17 13 11 8 6 21 
t:6 24 25 9 20 11 18 15 14 17 21 6 7 22 19 21 27 26 4 18 14 18 25 15 9 17 23 22 24 5 28 27 19 9 4 7 26 19 8 14 12 4 13 20 8 28 27 13 17 13 23 25 11 7 14 28 21 5 5 28 20 5 22 6 22 7 12 19 24 26 4 15 10 29 8 16 10 10 14 6 23 16 24 9 4 18 11 8 17 11 16 12 27 25 20 26 13 16 23 10 
***********
O:1084201 and computed:1084201  and if feasible=1
T:102.100000s
s:5 18 28 9 22 28 12 17 13 17 21 24 14 10 17 5 8 20 16 4 23 21 10 20 6 13 12 18 25 19 25 22 27 19 16 11 29 22 23 24 10 9 24 4 7 24 21 12 5 7 6 20 25 28 7 19 27 26 17 16 15 21 4 13 25 6 10 15 20 6 7 15 8 8 13 17 26 26 9 16 5 9 28 8 18 23 27 22 11 23 11 27 18 4 19 14 14 14 15 26 
t:13 27 6 9 23 12 22 19 7 4 24 12 4 27 20 24 28 7 27 18 16 22 3 18 15 16 27 21 5 14 23 25 20 11 14 10 28 19 11 7 8 6 8 26 9 26 18 10 19 7 25 21 15 11 17 28 24 16 6 28 15 15 25 6 21 13 5 4 23 26 8 13 9 21 14 8 10 10 5 17 25 18 22 14 7 20 11 9 20 12 17 16 15 23 26 4 5 17 22 12 
***********
O:1080011 and computed:1080011  and if feasible=1
T:140.890000s
s:6 13 15 26 20 13 18 4 27 19 7 7 20 27 16 6 21 15 22 3 18 8 28 8 5 25 24 17 15 21 16 11 6 9 23 25 9 14 14 10 27 19 9 4 3 10 7 24 6 21 4 9 12 26 3 12 13 12 18 24 13 9 11 22 10 5 7 22 20 4 14 21 15 22 8 17 12 23 26 11 5 25 16 14 18 11 17 10 26 20 27 19 19 3 23 17 8 23 5 16 
t:8 10 20 4 19 22 23 17 18 3 12 25 22 23 16 10 16 20 8 21 22 20 4 18 27 22 12 9 6 23 13 5 8 24 6 27 11 18 25 7 15 3 14 12 28 16 13 23 25 21 6 20 12 27 7 13 17 9 6 10 7 24 9 5 11 14 4 3 17 13 27 14 26 7 26 21 24 27 5 16 10 11 11 24 4 7 21 26 8 18 19 19 15 15 15 3 5 25 9 26 
***********
O:1081012 and computed:1081012  and if feasible=1
T:70.740000s
s:25 10 8 6 13 18 11 24 5 10 26 24 28 4 9 25 8 19 7 22 9 27 5 27 28 4 11 7 17 14 6 19 21 23 12 15 16 17 13 22 6 21 25 19 28 23 23 11 27 6 27 24 20 19 24 23 18 20 9 12 14 25 21 8 24 16 22 13 10 26 14 10 15 9 26 9 18 12 3 22 17 5 18 14 12 17 20 20 4 15 5 7 7 21 13 16 26 8 28 16 
t:26 21 7 21 15 10 11 8 6 26 19 4 10 16 7 23 18 3 27 6 17 12 24 7 4 14 20 26 25 12 13 19 25 11 27 4 18 11 13 24 9 27 15 17 4 7 22 6 13 10 20 9 19 3 22 14 16 27 28 20 24 12 25 28 22 23 23 21 18 18 4 16 5 27 8 11 6 5 19 10 24 24 21 17 28 25 17 5 26 14 9 8 15 12 14 22 13 15 20 5 
***********
O:1080554 and computed:1080554  and if feasible=1
T:101.800000s
s:4 2 21 21 14 8 22 1 25 17 5 1 11 24 14 3 19 14 16 1 19 0 23 5 3 24 11 15 18 7 21 19 3 13 16 7 8 10 17 7 23 1 8 2 4 6 6 22 2 20 3 6 9 9 1 9 20 10 14 12 13 5 6 16 10 18 12 13 16 0 20 19 21 14 4 18 11 17 23 12 2 22 10 15 20 12 9 5 25 13 24 18 15 0 8 15 11 23 4 17 
t:5 10 21 3 16 19 11 14 19 0 13 25 2 9 18 8 9 20 7 21 13 15 0 15 24 13 6 5 2 9 12 3 5 22 3 24 8 14 23 11 20 1 14 10 23 22 13 22 7 17 21 19 11 24 11 17 18 11 4 8 6 19 5 4 10 12 1 2 9 15 24 18 25 4 23 22 15 24 3 21 10 8 1 12 1 6 7 23 4 20 16 16 12 17 17 2 20 7 6 25 
***********
O:1080695 and computed:1080695  and if feasible=1
T:130.540000s
s:25 12 10 5 9 17 15 22 4 11 22 24 16 3 8 27 9 17 6 26 11 23 2 23 27 3 8 6 13 12 7 18 22 19 7 15 19 14 13 20 5 12 23 26 25 20 24 7 27 5 26 20 18 14 21 21 19 18 7 10 14 23 21 6 19 26 24 9 11 24 22 13 13 8 20 11 21 9 4 18 25 8 12 16 10 17 16 19 3 14 4 4 6 27 10 15 17 5 25 16 
t:16 22 7 22 14 9 9 6 5 27 18 3 12 16 5 20 13 7 20 5 10 11 24 8 3 15 19 22 26 8 11 25 23 9 27 3 17 14 10 24 12 27 21 18 3 9 18 5 10 8 24 11 18 2 22 15 14 16 25 21 21 11 23 26 19 17 27 26 15 19 3 17 4 24 6 7 8 4 25 12 19 20 20 16 25 23 15 4 23 13 7 6 12 13 13 26 24 10 21 4 
***********
O:1080323 and computed:1080323  and if feasible=1
T:61.620000s
s:22 6 4 2 7 15 13 24 2 4 20 24 18 1 8 21 6 9 3 24 5 21 0 21 25 2 7 5 12 15 4 13 23 18 10 13 15 14 9 18 3 19 18 25 23 17 19 9 24 3 23 21 16 14 24 17 6 15 12 10 11 20 16 6 17 22 22 14 8 25 17 5 11 11 20 7 14 9 2 19 23 5 11 10 10 16 16 22 1 8 1 4 7 25 8 12 19 3 20 12 
t:20 17 3 23 9 11 8 6 5 25 18 8 24 13 4 18 12 4 20 3 14 7 26 10 1 13 16 21 24 6 7 23 21 10 23 1 16 14 10 22 6 25 15 13 3 4 16 3 15 8 16 5 14 1 19 4 12 19 22 15 19 9 17 21 17 18 25 24 15 11 1 12 2 19 2 9 5 1 23 5 19 17 20 14 25 20 13 2 21 11 7 8 7 9 10 24 22 11 22 2 
***********
O:1080402 and computed:1080402  and if feasible=1
T:92.210000s
s:25 15 5 5 12 19 6 22 3 11 25 24 27 3 8 23 12 20 12 21 15 25 3 26 28 5 9 7 14 10 14 18 21 14 9 13 20 15 16 22 4 15 23 17 26 24 20 6 27 10 27 24 22 18 23 21 19 19 9 6 16 24 20 8 24 17 18 8 9 25 16 4 13 10 26 11 19 7 3 23 11 7 16 17 7 17 18 22 4 13 4 14 8 21 10 11 26 5 27 12 
t:26 20 14 15 13 7 11 9 11 22 16 2 8 12 14 22 16 11 26 7 17 12 18 7 3 10 19 25 22 10 16 20 25 5 27 3 18 9 6 23 13 25 19 17 4 5 23 6 9 10 17 15 19 3 22 17 15 27 27 20 23 6 24 27 21 18 25 21 20 19 3 13 3 23 4 7 10 4 23 5 24 18 24 4 26 21 12 14 26 6 8 8 11 14 16 21 12 11 24 5 
***********
O:1081497 and computed:1081497  and if feasible=1
T:200.390000s
s:2 7 20 25 13 12 23 5 25 19 6 1 9 26 17 2 21 16 19 4 20 6 26 5 2 24 16 18 15 7 17 19 7 15 21 10 9 16 19 10 24 9 8 3 2 8 6 23 1 21 5 9 7 12 3 8 12 11 16 14 13 6 10 22 9 15 4 13 20 3 20 24 23 22 8 18 14 22 26 14 3 22 13 14 21 11 11 5 25 17 25 18 17 4 12 15 11 24 4 18 
t:9 10 21 9 18 22 13 16 21 3 19 25 3 12 17 8 11 22 8 21 11 17 4 17 26 14 10 6 1 11 12 5 5 24 5 26 10 16 23 2 20 4 16 14 26 22 12 23 12 21 11 19 13 26 13 15 19 9 2 13 7 24 6 4 7 15 2 4 7 14 26 15 25 4 24 23 22 25 2 20 9 8 8 14 3 6 6 25 5 23 18 18 13 17 20 3 20 10 7 24 
***********
ArgT:1026.850000s argtime:102.685000s
ArgO:10812156 argvalue:1081215.600000
