O:226064 and computed:226064  and if feasible=1
T:103.410000s
s:6 7 16 7 5 2 4 18 2 16 8 12 1 14 4 9 8 13 10 3 13 8 9 14 17 15 11 17 10 12 3 6 6 10 5 11 2 4 18 3 13 9 17 14 15 11 18 12 16 15 
t:4 14 12 4 12 10 5 7 17 9 15 7 10 2 17 6 5 3 18 18 2 13 13 17 9 11 8 9 6 11 18 13 10 16 8 3 6 17 12 7 15 5 2 3 14 4 16 8 15 16 
***********
O:226008 and computed:226008  and if feasible=1
T:134.590000s
s:7 6 15 6 3 5 2 16 1 16 13 11 1 12 10 13 5 7 11 2 15 7 9 12 9 14 8 17 9 13 4 4 2 15 1 8 4 5 16 3 11 10 17 12 14 8 17 10 15 14 
t:3 12 10 2 10 15 1 6 17 10 14 7 13 4 14 4 1 1 16 16 2 11 11 17 9 8 7 7 4 8 17 11 9 14 13 3 5 17 13 5 15 2 5 6 12 3 16 6 9 15 
***********
O:225999 and computed:225999  and if feasible=1
T:0.570000s
s:12 13 4 13 16 14 18 3 18 3 6 8 18 7 9 6 14 12 8 17 4 12 10 7 10 5 11 2 10 6 15 15 17 4 17 11 15 14 3 16 8 9 2 7 5 11 2 9 4 5 
t:16 7 9 18 9 4 17 14 2 9 5 12 6 15 5 15 17 18 3 3 18 8 8 2 10 11 12 12 15 11 2 8 10 5 6 16 13 2 6 13 4 17 14 14 7 16 3 13 10 4 
***********
O:226002 and computed:226002  and if feasible=1
T:77.770000s
s:7 6 15 6 3 5 1 16 1 17 13 11 1 12 10 13 5 7 11 2 15 7 9 12 9 14 8 17 9 13 4 4 2 15 2 8 4 5 17 3 11 10 16 12 14 8 16 10 15 14 
t:3 12 10 1 10 15 2 5 17 10 14 7 13 4 14 4 2 1 16 17 1 11 11 16 9 8 7 7 4 8 17 11 9 14 13 3 6 17 13 6 15 2 5 5 12 3 16 6 9 15 
***********
O:225999 and computed:225999  and if feasible=1
T:27.580000s
s:7 6 15 6 3 5 1 16 1 16 13 11 1 12 10 13 5 7 11 2 15 7 9 12 9 14 8 17 9 13 4 4 2 15 2 8 4 5 16 3 11 10 17 12 14 8 17 10 15 14 
t:3 12 10 1 10 15 2 5 17 10 14 7 13 4 14 4 2 1 16 16 1 11 11 17 9 8 7 7 4 8 17 11 9 14 13 3 6 17 13 6 15 2 5 5 12 3 16 6 9 15 
***********
O:226005 and computed:226005  and if feasible=1
T:91.230000s
s:11 12 3 12 15 13 17 2 17 2 5 7 17 6 8 5 13 11 7 16 3 11 9 6 9 4 10 1 9 5 14 14 16 3 16 10 14 13 2 15 7 8 1 6 4 10 1 8 3 4 
t:15 6 8 17 8 3 16 12 1 8 4 11 5 14 4 14 16 17 2 2 17 7 7 1 9 10 11 11 14 10 1 7 9 4 5 15 13 1 5 13 3 16 13 12 6 15 2 12 9 3 
***********
O:225999 and computed:225999  and if feasible=1
T:35.010000s
s:12 13 4 13 16 14 18 3 18 3 6 8 18 7 9 6 14 12 8 17 4 12 10 7 10 5 11 2 10 6 15 15 17 4 17 11 15 14 3 16 8 9 2 7 5 11 2 9 4 5 
t:16 7 9 18 9 4 17 14 2 9 5 12 6 15 5 15 17 18 3 3 18 8 8 2 10 11 12 12 15 11 2 8 10 5 6 16 13 2 6 13 4 17 14 14 7 16 3 13 10 4 
***********
O:226005 and computed:226005  and if feasible=1
T:93.570000s
s:12 13 4 13 16 14 18 3 18 3 6 8 18 7 9 6 14 12 8 17 4 12 10 7 10 5 11 2 10 6 15 15 17 4 17 11 15 14 3 16 8 9 2 7 5 11 2 9 4 5 
t:16 7 9 18 9 4 17 13 2 9 5 12 6 15 5 15 17 18 3 3 18 8 8 2 10 11 12 12 15 11 2 8 10 5 6 16 14 2 6 14 4 17 14 13 7 16 3 13 10 4 
***********
O:226005 and computed:226005  and if feasible=1
T:137.820000s
s:11 12 3 12 15 13 16 2 17 1 5 7 17 6 8 5 13 11 7 16 3 11 9 6 9 4 10 1 9 5 14 14 16 3 17 10 14 13 1 15 7 8 2 6 4 10 2 8 3 4 
t:15 6 8 16 8 3 17 13 1 8 4 11 5 14 4 14 17 17 2 1 16 7 7 2 9 10 11 11 14 10 1 7 9 4 5 15 12 1 5 12 3 16 13 13 6 15 2 12 9 3 
***********
O:225999 and computed:225999  and if feasible=1
T:89.410000s
s:12 13 4 13 16 14 18 3 18 3 6 8 18 7 9 6 14 12 8 17 4 12 10 7 10 5 11 2 10 6 15 15 17 4 17 11 15 14 3 16 8 9 2 7 5 11 2 9 4 5 
t:16 7 9 18 9 4 17 14 2 9 5 12 6 15 5 15 17 18 3 3 18 8 8 2 10 11 12 12 15 11 2 8 10 5 6 16 13 2 6 13 4 17 14 14 7 16 3 13 10 4 
***********
ArgT:790.960000s argtime:79.096000s
ArgO:2260085 argvalue:226008.500000
