O:891648 and computed:891648  and if feasible=1
T:14.450000s
s:11 15 1 15 2 6 15 1 3 10 4 13 10 2 2 12 8 4 2 1 13 7 14 11 9 7 8 8 10 9 3 6 12 8 6 10 6 4 5 7 9 7 1 15 11 11 6 1 13 3 13 15 12 12 4 3 5 7 10 12 11 0 2 5 0 9 9 12 14 13 5 14 11 1 9 7 2 0 13 5 4 14 4 6 5 4 15 0 14 8 5 13 1 2 14 9 3 14 3 8 
t:7 3 13 5 14 2 5 15 13 7 5 3 13 8 10 2 3 8 5 11 14 10 15 6 3 11 2 8 10 15 6 13 4 8 10 7 3 9 6 9 14 9 3 4 12 9 8 12 12 6 14 11 13 4 1 0 0 10 7 0 13 14 7 15 0 2 10 2 12 6 1 9 4 7 10 11 0 9 11 7 8 4 12 5 15 14 1 12 2 12 14 1 1 1 5 4 11 11 1 6 
***********
O:891950 and computed:891950  and if feasible=1
T:97.330000s
s:6 1 15 1 14 12 1 15 14 7 12 4 8 10 14 8 8 3 12 14 1 5 1 6 7 10 4 6 5 3 13 12 9 8 11 4 10 10 9 7 5 10 15 2 5 7 10 15 2 11 4 5 6 6 15 13 13 9 4 3 4 16 11 13 15 7 8 9 2 3 5 3 1 16 6 9 14 15 8 12 11 2 13 12 12 13 2 16 3 5 13 7 15 14 2 3 11 1 11 9 
t:10 9 4 9 2 10 13 2 6 9 13 13 7 6 4 14 13 8 11 7 2 4 1 8 11 6 11 11 7 1 14 5 11 4 7 9 14 8 12 7 5 5 16 12 8 7 10 3 5 3 1 5 3 14 14 15 15 3 8 15 4 1 10 1 16 12 3 14 6 10 15 7 11 9 5 6 16 2 4 9 5 12 6 13 1 3 15 6 13 8 2 16 11 15 10 12 9 2 15 12 
***********
O:892013 and computed:892013  and if feasible=1
T:49.600000s
s:6 3 16 3 16 13 4 17 17 7 14 3 4 13 15 7 11 7 14 17 6 10 3 5 10 11 8 8 9 10 15 15 5 5 12 8 11 12 9 10 8 10 16 4 9 7 12 16 5 14 7 13 10 6 16 15 15 8 12 6 10 18 12 15 16 8 11 9 5 6 13 3 3 17 9 9 17 18 11 13 13 5 14 14 16 15 4 18 4 11 13 4 17 16 3 7 14 6 12 13 
t:10 11 8 13 6 9 13 5 7 13 15 15 5 8 7 17 15 12 13 3 4 8 4 10 14 8 15 14 8 3 16 6 12 10 4 9 15 11 14 7 4 10 17 12 5 12 11 6 6 8 3 9 5 16 16 18 18 6 11 17 3 4 11 3 18 15 7 16 9 9 16 7 13 10 9 10 17 7 3 12 12 13 6 14 4 6 17 11 14 4 5 18 14 17 12 16 9 5 17 14 
***********
O:891510 and computed:891510  and if feasible=1
T:119.370000s
s:15 17 2 17 4 6 17 2 3 15 5 15 16 6 3 14 8 11 4 3 13 8 15 14 9 8 12 12 11 7 3 6 14 12 7 12 8 6 9 9 11 7 5 16 11 12 9 4 14 6 13 10 10 14 3 4 5 11 10 14 10 2 7 5 2 11 9 10 13 15 6 13 16 4 12 9 3 2 10 6 4 15 5 7 3 5 16 2 13 10 5 16 4 2 16 13 7 13 8 8 
t:8 8 14 6 13 9 5 13 14 9 5 4 15 12 13 3 3 9 6 16 15 12 17 11 7 12 2 7 11 17 6 14 7 8 16 10 5 10 5 12 16 10 3 4 14 10 8 16 13 11 13 11 14 5 3 2 2 13 9 3 15 15 7 16 2 6 14 4 10 9 4 12 8 6 11 11 2 12 11 8 9 3 15 7 17 15 4 10 5 16 16 2 7 3 6 4 10 15 2 7 
***********
O:891782 and computed:891782  and if feasible=1
T:177.540000s
s:12 16 2 16 3 6 16 1 4 13 4 15 15 6 2 13 8 8 4 1 13 8 16 13 9 7 12 11 10 6 3 5 14 14 8 9 6 8 9 10 9 6 4 16 10 10 7 4 14 6 12 11 12 14 3 5 4 13 7 12 11 2 9 5 2 12 9 11 13 14 6 16 15 3 11 8 2 2 11 5 7 15 3 5 11 4 16 1 14 10 3 15 2 3 15 7 5 11 7 10 
t:7 8 12 6 13 8 6 16 13 10 3 4 15 11 8 3 5 9 6 13 15 12 16 10 5 9 3 5 13 16 3 14 7 5 14 11 4 8 5 12 15 7 2 4 14 9 7 14 12 9 14 10 14 3 1 1 1 10 9 2 15 15 11 16 2 6 13 3 12 7 2 11 7 6 11 10 2 12 10 8 10 9 13 4 16 16 4 11 4 15 15 1 6 2 8 5 11 13 2 5 
***********
O:891177 and computed:891177  and if feasible=1
T:165.930000s
s:13 17 4 16 3 7 17 2 4 13 5 15 14 5 5 14 9 10 5 3 16 9 16 14 10 8 13 13 11 8 3 7 14 12 7 11 8 5 9 8 11 9 3 14 11 12 8 3 14 8 13 10 12 16 3 3 6 9 10 15 12 2 6 5 2 12 10 11 15 16 7 16 13 4 11 9 4 2 10 7 4 15 5 6 3 6 15 2 16 10 7 17 2 4 15 12 6 17 6 7 
t:9 8 13 7 15 8 7 14 16 9 4 5 14 11 13 3 5 10 8 13 15 12 17 10 6 12 4 8 12 17 4 16 6 8 13 9 4 10 6 13 17 9 4 5 14 10 8 14 13 10 16 11 16 5 3 2 2 11 10 2 15 17 9 16 2 5 14 4 12 7 3 12 6 9 11 11 2 12 11 9 7 3 15 6 16 15 3 12 5 15 15 2 6 6 7 3 11 14 2 7 
***********
O:891706 and computed:891706  and if feasible=1
T:131.270000s
s:8 3 18 3 16 14 3 17 15 8 14 4 6 13 14 10 11 6 14 17 6 11 3 8 9 12 10 9 7 9 17 13 5 10 13 7 12 14 11 12 6 11 16 3 6 8 10 17 4 14 7 3 10 5 17 16 15 11 9 5 7 18 12 15 17 9 10 4 7 5 9 4 4 16 9 11 16 17 8 13 16 4 15 13 16 15 3 18 5 8 14 5 17 15 4 7 13 6 12 12 
t:12 12 7 13 5 10 14 4 7 11 15 15 4 10 10 16 15 9 13 8 4 8 3 11 14 7 16 13 11 3 18 5 13 12 8 11 15 9 14 9 5 9 16 14 9 10 12 5 6 6 4 7 5 15 16 17 18 6 10 17 4 5 11 3 16 14 7 15 6 11 17 8 12 11 6 8 18 7 6 12 9 17 8 13 3 3 16 8 14 4 3 17 13 18 10 16 5 6 17 13 
***********
O:892128 and computed:892128  and if feasible=1
T:53.760000s
s:8 2 15 2 16 13 2 3 11 7 3 6 5 12 15 6 3 8 9 16 2 3 2 6 6 9 6 8 16 3 5 13 10 10 10 5 5 11 5 10 14 9 10 4 16 7 15 13 6 13 4 11 12 10 14 12 13 7 15 9 16 15 12 13 6 9 16 11 12 7 3 3 3 15 14 11 14 17 5 7 2 8 14 4 12 14 9 17 8 4 13 4 14 17 4 7 11 2 12 8 
t:6 11 6 5 9 15 13 8 4 4 14 12 5 10 6 16 11 13 13 7 8 16 2 4 10 4 2 10 7 2 15 9 9 3 6 11 13 5 9 8 4 16 15 7 5 16 7 9 5 5 3 16 10 14 15 3 12 7 10 14 4 2 11 2 17 12 6 14 16 12 14 9 13 8 16 4 15 3 3 10 14 8 11 11 2 7 2 15 12 9 8 17 12 15 7 13 11 6 17 3 
***********
O:891866 and computed:891866  and if feasible=1
T:6.830000s
s:5 2 17 1 15 12 2 16 14 7 14 3 3 13 15 8 8 8 13 15 2 9 4 5 7 8 8 8 6 11 13 12 6 9 11 6 11 9 10 10 3 12 15 7 5 5 10 16 6 13 4 10 7 3 15 14 14 7 11 6 5 16 10 12 16 7 9 5 4 4 12 4 2 16 6 9 16 15 2 12 12 4 13 13 10 14 4 17 3 10 13 2 16 15 2 11 14 3 11 9 
t:11 9 6 12 4 8 13 7 3 10 15 13 5 8 12 15 14 9 13 5 4 7 2 10 14 5 13 12 7 2 11 3 11 11 2 8 14 8 13 8 3 11 15 12 7 10 8 6 3 10 4 5 3 15 16 16 17 3 9 16 4 2 9 2 17 14 6 15 4 9 16 7 12 12 3 6 16 7 2 9 10 10 4 13 2 5 16 5 14 6 4 17 16 17 11 14 6 5 15 12 
***********
O:892101 and computed:892101  and if feasible=1
T:48.240000s
s:6 2 14 2 15 13 2 16 15 7 13 2 4 14 15 10 10 5 15 17 2 9 2 7 6 10 10 9 7 11 15 12 5 7 9 4 12 10 8 10 6 11 14 3 6 8 11 16 5 13 5 4 8 4 15 14 12 11 9 3 6 16 12 13 16 8 9 5 7 3 11 5 2 16 8 8 16 17 7 12 13 3 14 12 13 13 3 17 4 9 14 4 16 15 3 6 14 5 11 11 
t:11 10 5 12 5 8 12 4 6 10 13 16 5 9 11 15 15 8 13 7 3 7 2 8 14 6 14 10 10 2 12 4 9 11 4 8 14 7 13 10 4 9 15 13 4 9 10 3 6 3 5 6 3 13 16 16 16 4 9 16 2 2 12 2 16 14 5 15 6 11 16 7 8 11 6 7 17 7 2 10 9 13 8 12 2 3 15 8 15 4 3 17 14 15 11 14 5 6 17 12 
***********
ArgT:864.320000s argtime:86.432000s
ArgO:8917881 argvalue:891788.100000
