O:598152 and computed:598152  and if feasible=1
T:117.122000s
s:6 1 15 20 3 2 3 24 25 4 13 3 24 18 7 16 4 11 6 15 20 22 2 13 23 19 16 17 5 8 12 21 1 7 9 25 9 12 2 10 16 24 23 8 14 21 4 18 6 12 15 11 18 21 23 20 0 11 1 14 5 19 13 22 19 17 10 5 22 10 17 14 9 0 8 
t:10 12 24 18 9 2 17 17 4 11 7 19 0 21 5 5 9 21 8 15 15 3 19 2 6 7 24 14 5 23 4 22 19 18 22 16 15 14 22 3 1 3 21 16 24 8 17 25 20 25 7 6 20 1 23 2 4 20 12 1 11 13 10 8 14 4 23 12 6 0 13 9 18 11 13 
***********
O:597767 and computed:597767  and if feasible=1
T:129.019000s
s:11 3 15 23 2 4 6 27 22 6 16 2 24 19 12 19 3 8 9 21 18 21 8 13 25 18 17 20 4 12 16 22 8 3 10 24 13 13 7 11 15 26 25 6 14 24 10 17 7 17 16 15 19 23 25 23 10 4 9 14 5 22 9 26 21 20 11 5 26 2 20 14 5 7 18 
t:9 19 25 18 5 2 19 21 9 8 11 24 2 26 4 6 15 21 3 16 16 4 14 7 7 10 22 14 6 23 4 26 19 18 27 20 16 17 22 9 10 13 24 20 25 12 17 24 23 21 5 11 22 6 26 5 3 23 15 3 8 13 12 2 13 3 25 17 7 10 15 11 18 8 14 
***********
O:597887 and computed:597887  and if feasible=1
T:199.569000s
s:19 13 7 26 4 6 14 15 5 14 5 9 5 22 12 4 20 18 15 24 12 21 8 26 2 16 10 7 25 17 21 17 4 13 26 1 19 23 8 22 17 6 23 14 3 2 16 11 10 10 11 25 13 20 22 2 6 18 7 9 11 3 19 16 20 3 24 25 15 8 18 23 24 9 21 
t:23 26 5 17 26 8 22 20 5 9 19 1 4 15 25 10 22 22 24 3 9 14 19 8 12 24 12 18 16 3 17 15 16 10 13 6 16 11 21 19 7 14 2 20 13 6 11 4 2 4 18 12 7 13 15 8 25 2 5 10 21 25 23 3 18 14 24 21 9 7 11 26 20 17 5 
***********
O:597659 and computed:597659  and if feasible=1
T:40.864000s
s:9 4 14 18 8 2 3 25 22 1 12 2 25 25 8 15 1 13 6 17 22 21 5 11 23 20 16 15 2 7 14 21 4 0 7 19 18 14 9 9 16 24 23 4 15 20 5 16 12 11 13 10 19 18 23 21 6 3 6 13 7 19 12 24 20 17 10 1 24 5 17 10 3 11 8 
t:10 9 23 20 5 4 16 18 7 3 7 18 6 25 1 4 8 21 0 15 15 3 22 1 9 5 22 13 21 19 2 20 18 16 24 17 15 13 25 6 9 5 22 17 25 6 11 23 19 21 2 7 23 3 24 4 2 19 14 2 12 14 10 11 13 1 24 16 8 12 11 8 20 12 14 
***********
O:597693 and computed:597693  and if feasible=1
T:171.782000s
s:19 10 8 23 4 8 12 27 5 11 5 12 5 21 14 6 13 20 17 21 14 24 9 23 2 25 11 10 24 18 16 25 7 11 22 3 19 18 27 20 26 6 25 13 3 4 16 15 10 13 15 24 15 23 22 4 7 21 7 9 12 3 17 26 27 8 18 22 26 9 20 19 17 6 16 
t:17 22 5 27 23 9 21 16 6 14 18 3 5 27 22 10 19 23 20 3 14 13 20 9 12 19 12 20 25 4 16 25 15 10 26 8 15 13 25 18 7 13 2 24 15 8 14 6 4 5 21 12 7 11 26 9 24 3 6 10 16 21 17 4 19 11 26 22 11 7 24 23 27 18 5 
***********
O:597837 and computed:597837  and if feasible=1
T:184.399000s
s:24 23 18 7 19 26 25 4 13 25 13 26 10 5 11 14 27 12 21 4 7 7 22 16 6 10 22 16 27 11 17 3 23 28 16 12 8 17 21 24 9 17 15 25 9 19 24 19 22 18 21 13 14 6 5 8 14 28 12 20 20 10 20 3 6 9 23 27 4 18 15 5 26 15 8 
t:23 12 14 9 15 25 16 7 12 24 24 8 18 3 28 25 5 6 27 18 15 26 6 24 20 11 21 13 9 17 27 3 19 8 4 10 22 19 5 21 12 13 6 7 5 10 18 14 14 13 27 11 17 25 4 22 28 8 17 26 20 16 23 16 11 26 4 19 22 15 21 27 7 20 9 
***********
O:597940 and computed:597940  and if feasible=1
T:135.175000s
s:7 17 17 4 21 23 15 1 22 16 22 21 22 5 13 19 14 8 10 6 13 3 17 6 24 2 18 20 3 9 11 2 18 18 6 23 7 9 0 5 1 19 2 14 25 24 11 12 16 14 12 3 12 4 5 24 20 8 21 15 15 23 10 0 1 20 9 4 0 16 8 7 10 19 11 
t:10 6 22 1 4 23 8 11 25 22 9 24 21 0 5 18 6 4 13 23 13 14 5 17 15 7 15 7 2 24 11 2 12 18 0 20 12 14 2 9 19 14 25 3 12 21 13 20 24 22 6 15 19 16 7 17 3 23 17 18 11 8 10 21 8 16 1 5 16 19 3 4 0 9 22 
***********
O:598284 and computed:598284  and if feasible=1
T:174.500000s
s:13 6 14 24 4 5 10 28 26 7 15 6 26 22 17 19 3 9 10 21 24 22 9 13 26 21 16 20 4 11 15 25 12 5 12 23 16 11 8 11 14 27 17 7 18 25 12 18 8 16 18 14 23 25 28 24 15 4 13 19 7 23 9 27 22 20 10 3 27 5 20 21 6 8 19 
t:10 19 26 23 4 6 18 21 13 8 11 23 12 27 4 6 21 24 3 18 18 5 22 8 10 9 27 14 9 25 4 25 16 19 26 20 15 17 25 10 15 13 24 20 28 16 17 26 22 23 7 11 24 12 27 6 3 22 15 5 7 12 13 5 21 7 28 17 8 14 14 11 16 9 19 
***********
O:598208 and computed:598208  and if feasible=1
T:39.687000s
s:14 20 16 21 5 6 8 26 29 8 26 6 25 22 12 21 5 7 11 22 23 24 10 15 27 20 18 18 6 12 17 23 11 5 13 28 25 15 10 16 14 26 18 8 28 27 13 19 9 17 24 16 19 21 25 27 13 7 9 15 10 28 11 24 23 20 14 4 22 9 19 29 7 4 17 
t:16 17 25 20 7 9 18 19 8 14 13 27 11 25 5 8 24 23 5 28 13 5 23 9 10 14 24 14 4 28 6 22 19 20 22 21 19 23 22 11 12 12 27 21 26 11 18 27 26 28 7 10 18 12 24 9 6 29 17 6 8 15 16 26 29 6 25 17 10 13 15 15 20 7 29 
***********
O:598277 and computed:598277  and if feasible=1
T:165.460000s
s:16 18 14 20 5 4 6 25 28 7 28 5 27 23 11 20 4 12 7 22 23 22 9 15 26 19 17 16 6 11 16 23 8 4 13 27 24 15 9 14 17 25 19 13 28 26 10 17 10 18 24 14 21 20 25 26 12 6 7 15 9 29 13 24 22 21 12 8 21 8 18 27 5 10 19 
t:13 18 25 19 7 5 18 21 6 6 11 27 7 24 4 8 23 22 3 28 16 5 23 7 9 11 24 15 8 26 6 21 18 19 22 20 17 23 21 10 10 11 27 20 25 13 17 27 26 28 6 9 17 10 24 8 5 26 16 4 12 14 15 22 28 4 25 16 9 12 14 14 19 12 29 
***********
ArgT:1357.577000s argtime:135.757700s
ArgO:5979704 argvalue:597970.400000
