O:438647 and computed:438647  and if feasible=1
T:88.570000s
s:1 4 7 5 4 7 0 3 0 0 7 1 0 6 8 3 5 9 6 7 2 7 9 6 3 3 0 3 2 3 5 6 4 8 3 1 5 2 1 8 9 5 4 6 2 7 8 7 0 2 1 2 1 0 4 2 6 1 5 3 4 7 8 1 2 9 8 0 8 5 4 5 6 9 6 
t:1 9 8 0 5 6 3 0 5 4 8 4 0 0 3 2 6 1 2 0 8 2 9 3 5 9 5 7 7 5 9 2 4 6 0 3 6 0 7 4 3 7 6 5 1 8 4 3 7 1 2 1 0 2 2 8 6 9 8 4 8 3 1 5 8 4 7 7 5 6 6 1 8 2 4 
***********
O:438633 and computed:438633  and if feasible=1
T:112.510000s
s:8 4 2 4 7 2 9 6 8 9 2 9 7 3 2 6 5 0 1 2 7 1 0 3 6 7 9 5 6 5 4 3 5 1 6 8 5 7 8 1 0 4 5 1 7 2 1 3 9 8 8 6 9 9 4 7 4 8 3 5 6 3 1 8 7 0 1 9 2 4 5 4 3 0 3 
t:8 0 1 9 4 2 7 9 4 5 1 4 9 7 5 6 3 9 7 9 1 7 0 5 4 0 1 2 2 5 0 7 5 3 9 6 3 9 2 4 6 2 3 4 8 1 4 7 2 8 7 8 9 6 7 1 3 0 1 5 1 6 8 6 3 6 3 2 5 4 3 8 1 8 5 
***********
O:438766 and computed:438766  and if feasible=1
T:151.460000s
s:4 5 8 5 4 7 1 2 0 0 7 2 1 6 6 3 5 8 7 8 2 7 9 6 3 1 0 2 2 3 5 6 5 8 3 1 4 2 1 8 9 5 4 7 1 9 9 6 0 2 4 3 2 1 5 3 7 4 8 1 4 7 9 3 1 8 9 0 7 6 5 8 6 9 7 
t:3 8 9 0 5 6 3 0 4 4 8 5 1 1 2 3 6 2 1 0 9 2 9 1 5 9 8 7 7 5 9 2 4 6 1 2 5 0 8 5 3 8 7 7 4 7 5 4 8 1 4 2 1 2 3 9 6 8 9 4 7 3 0 3 6 4 7 6 6 8 6 1 9 3 5 
***********
O:438584 and computed:438584  and if feasible=1
T:86.710000s
s:1 5 7 5 4 7 0 3 0 0 7 1 0 6 6 3 5 9 7 7 2 8 9 5 3 3 0 3 2 3 5 6 4 7 3 1 4 2 1 8 9 5 4 6 2 7 8 8 0 2 1 2 1 0 4 2 6 1 5 3 4 8 8 1 2 9 8 0 8 6 4 7 6 9 5 
t:1 9 7 0 5 6 3 0 5 4 7 6 0 0 3 2 5 1 2 0 8 2 9 3 5 9 6 7 8 4 9 2 4 6 0 3 6 0 7 4 3 7 5 6 1 8 5 3 8 1 2 1 0 2 2 8 6 9 8 4 8 3 1 4 6 4 7 7 6 7 5 1 8 2 4 
***********
O:438829 and computed:438829  and if feasible=1
T:25.390000s
s:4 5 7 6 1 7 0 2 3 0 7 1 0 5 6 2 4 9 7 8 3 8 9 6 3 1 1 0 2 3 5 5 4 7 3 4 4 2 1 7 9 5 4 5 3 9 8 6 0 2 4 3 2 0 5 1 6 1 8 1 2 7 8 3 0 8 8 0 7 6 4 8 6 9 6 
t:3 9 9 0 5 6 3 1 5 4 7 7 0 0 2 2 6 1 0 0 9 3 9 2 5 9 7 7 7 4 9 2 4 5 0 2 5 0 7 5 3 7 6 8 3 8 5 4 8 1 1 2 0 2 1 8 6 8 8 4 7 3 3 3 5 1 6 6 6 8 4 1 8 4 4 
***********
O:438586 and computed:438586  and if feasible=1
T:137.510000s
s:4 5 7 4 2 7 0 2 3 0 7 1 0 6 5 2 5 9 6 7 3 9 9 6 4 1 1 3 2 4 6 5 4 7 3 3 4 2 1 8 9 5 4 8 2 8 9 5 0 3 1 3 1 0 5 1 6 1 7 0 2 8 8 3 0 8 8 0 7 6 4 7 6 9 6 
t:1 9 8 0 4 6 3 1 5 4 7 5 0 0 3 2 5 1 0 0 8 3 9 0 5 9 7 7 8 5 9 2 4 6 1 3 6 0 7 4 2 7 6 7 1 8 5 4 8 1 1 2 0 2 2 8 6 8 9 4 7 3 3 4 5 2 6 6 5 7 6 1 8 3 4 
***********
O:438739 and computed:438739  and if feasible=1
T:116.130000s
s:7 4 2 4 6 2 9 7 8 9 3 6 9 3 3 7 5 0 2 1 6 2 0 3 5 8 9 7 8 5 4 3 5 2 6 7 5 8 8 2 0 4 5 1 8 1 1 2 9 8 7 7 8 9 4 6 4 5 3 7 6 2 1 6 9 0 1 9 1 4 5 4 3 0 2 
t:6 0 1 9 5 3 6 9 4 5 2 4 9 8 7 8 3 8 8 9 0 6 0 7 4 0 2 3 2 5 0 8 5 3 9 7 2 9 2 5 7 2 4 4 6 1 4 6 1 8 6 8 9 6 7 1 3 1 1 4 2 5 9 5 3 6 2 1 4 3 3 7 1 7 5 
***********
O:438544 and computed:438544  and if feasible=1
T:82.850000s
s:2 5 7 4 4 7 1 3 1 0 7 0 2 6 6 3 5 9 5 7 2 9 9 6 3 2 0 4 3 4 5 6 4 7 3 0 4 1 1 8 9 5 4 8 2 8 9 6 0 0 1 3 0 1 5 2 5 1 7 2 3 8 8 1 2 8 8 0 7 6 4 7 6 9 5 
t:1 9 8 0 4 6 3 0 5 4 7 6 1 1 4 3 5 0 2 0 8 2 9 2 5 9 7 7 8 5 9 2 4 6 0 3 5 0 7 4 3 7 6 7 1 8 5 2 8 1 2 0 0 3 2 8 6 8 9 4 7 3 1 4 6 3 6 6 5 7 5 2 8 1 4 
***********
O:438632 and computed:438632  and if feasible=1
T:196.010000s
s:8 4 2 3 5 3 9 6 9 9 2 8 9 3 3 6 4 0 2 1 7 2 0 4 6 6 9 6 7 6 4 3 5 1 6 8 5 7 8 1 0 4 5 3 7 1 1 2 9 7 8 7 8 9 5 7 4 8 2 6 5 4 1 8 7 0 1 9 2 3 5 3 2 0 4 
t:8 0 1 9 4 3 6 9 4 5 1 3 9 9 6 7 4 8 7 9 1 7 0 6 4 0 1 2 2 5 0 7 5 3 9 6 3 9 2 5 6 1 4 3 8 2 4 6 1 8 7 8 9 7 7 1 2 0 1 5 2 6 8 5 3 5 3 2 3 3 4 8 1 7 5 
***********
O:438670 and computed:438670  and if feasible=1
T:127.820000s
s:1 5 7 5 1 7 0 3 0 0 7 4 1 6 7 3 4 9 6 8 3 7 9 6 4 2 0 3 1 4 5 6 4 7 3 0 4 2 1 7 9 5 4 8 2 8 8 6 0 0 2 2 2 3 5 1 5 2 6 3 3 7 8 2 1 9 8 0 8 5 4 5 6 9 6 
t:2 9 8 1 4 6 1 0 5 4 7 5 1 0 3 2 6 0 1 0 9 2 9 3 5 9 7 8 7 4 9 1 4 6 1 3 7 0 7 4 2 7 5 5 3 8 5 2 8 2 1 0 1 3 3 8 6 8 8 5 7 4 0 4 6 3 7 6 5 6 6 1 8 2 4 
***********
ArgT:1124.960000s argtime:112.496000s
ArgO:4386630 argvalue:438663.000000
