O:28945 and computed:28945  and if feasible=1
T:0.030000s
s:7 4 7 5 8 2 8 3 3 2 5 6 3 1 2 1 4 9 0 6 
t:7 8 9 6 0 2 5 9 4 8 2 1 4 3 3 5 6 1 6 7 
***********
O:28945 and computed:28945  and if feasible=1
T:0.100000s
s:2 5 2 4 1 7 1 6 6 7 4 3 6 8 7 8 5 0 9 3 
t:2 1 0 3 9 7 4 0 5 1 7 8 5 6 6 4 3 8 3 2 
***********
O:28945 and computed:28945  and if feasible=1
T:0.010000s
s:2 5 2 4 1 7 1 6 6 7 4 3 6 8 7 8 5 0 9 3 
t:2 1 0 3 9 7 4 0 5 1 7 8 5 6 6 4 3 8 3 2 
***********
O:28945 and computed:28945  and if feasible=1
T:0.010000s
s:7 4 7 5 8 2 8 3 3 2 5 6 3 1 2 1 4 9 0 6 
t:7 8 9 6 0 2 5 9 4 8 2 1 4 3 3 5 6 1 6 7 
***********
O:28945 and computed:28945  and if feasible=1
T:0.020000s
s:2 5 2 4 1 7 1 6 6 7 4 3 6 8 7 8 5 0 9 3 
t:2 1 0 3 9 7 4 0 5 1 7 8 5 6 6 4 3 8 3 2 
***********
O:28945 and computed:28945  and if feasible=1
T:0.020000s
s:2 5 2 4 1 7 1 6 6 7 4 3 6 8 7 8 5 0 9 3 
t:2 1 0 3 9 7 4 0 5 1 7 8 5 6 6 4 3 8 3 2 
***********
O:28945 and computed:28945  and if feasible=1
T:0.010000s
s:7 4 7 5 8 2 8 3 3 2 5 6 3 1 2 1 4 9 0 6 
t:7 8 9 6 0 2 5 9 4 8 2 1 4 3 3 5 6 1 6 7 
***********
O:28945 and computed:28945  and if feasible=1
T:0.090000s
s:2 5 2 4 1 7 1 6 6 7 4 3 6 8 7 8 5 0 9 3 
t:2 1 0 3 9 7 4 0 5 1 7 8 5 6 6 4 3 8 3 2 
***********
O:28945 and computed:28945  and if feasible=1
T:0.040000s
s:2 5 2 4 1 7 1 6 6 7 4 3 6 8 7 8 5 0 9 3 
t:2 1 0 3 9 7 4 0 5 1 7 8 5 6 6 4 3 8 3 2 
***********
O:28945 and computed:28945  and if feasible=1
T:0.030000s
s:2 5 2 4 1 7 1 6 6 7 4 3 6 8 7 8 5 0 9 3 
t:2 1 0 3 9 7 4 0 5 1 7 8 5 6 6 4 3 8 3 2 
***********
ArgT:0.360000s argtime:0.036000s
ArgO:289450 argvalue:28945.000000
