O:29135 and computed:29135  and if feasible=1
T:0.000000s
s:9 4 9 6 7 0 8 3 3 3 6 8 5 2 0 2 4 7 1 5 
t:9 7 8 5 1 1 5 7 6 8 0 2 4 3 3 6 4 2 8 9 
***********
O:29135 and computed:29135  and if feasible=1
T:0.140000s
s:0 5 0 3 2 9 1 6 6 6 3 1 4 7 9 7 5 2 8 4 
t:0 2 1 4 8 8 4 2 3 1 9 7 5 6 6 3 5 7 1 0 
***********
O:29135 and computed:29135  and if feasible=1
T:0.010000s
s:9 4 9 6 7 0 8 3 3 3 6 8 5 2 0 2 4 7 1 5 
t:9 7 8 5 1 1 5 7 6 8 0 2 4 3 3 6 4 2 8 9 
***********
O:29135 and computed:29135  and if feasible=1
T:0.010000s
s:0 5 0 3 2 9 1 6 6 6 3 1 4 7 9 7 5 2 8 4 
t:0 2 1 4 8 8 4 2 3 1 9 7 5 6 6 3 5 7 1 0 
***********
O:29135 and computed:29135  and if feasible=1
T:0.000000s
s:0 5 0 3 2 9 1 6 6 6 3 1 4 7 9 7 5 2 8 4 
t:0 2 1 4 8 8 4 2 3 1 9 7 5 6 6 3 5 7 1 0 
***********
O:29135 and computed:29135  and if feasible=1
T:0.000000s
s:9 4 9 6 7 0 8 3 3 3 6 8 5 2 0 2 4 7 1 5 
t:9 7 8 5 1 1 5 7 6 8 0 2 4 3 3 6 4 2 8 9 
***********
O:29135 and computed:29135  and if feasible=1
T:0.000000s
s:9 4 9 6 7 0 8 3 3 3 6 8 5 2 0 2 4 7 1 5 
t:9 7 8 5 1 1 5 7 6 8 0 2 4 3 3 6 4 2 8 9 
***********
O:29135 and computed:29135  and if feasible=1
T:0.020000s
s:0 5 0 3 2 9 1 6 6 6 3 1 4 7 9 7 5 2 8 4 
t:0 2 1 4 8 8 4 2 3 1 9 7 5 6 6 3 5 7 1 0 
***********
O:29135 and computed:29135  and if feasible=1
T:0.010000s
s:9 4 9 6 7 0 8 3 3 3 6 8 5 2 0 2 4 7 1 5 
t:9 7 8 5 1 1 5 7 6 8 0 2 4 3 3 6 4 2 8 9 
***********
O:29135 and computed:29135  and if feasible=1
T:0.050000s
s:9 4 9 6 7 0 8 3 3 3 6 8 5 2 0 2 4 7 1 5 
t:9 7 8 5 1 1 5 7 6 8 0 2 4 3 3 6 4 2 8 9 
***********
ArgT:0.240000s argtime:0.024000s
ArgO:291350 argvalue:29135.000000
