O:29907 and computed:29907  and if feasible=1
T:0.960000s
s:3 2 3 0 7 7 9 1 4 5 1 8 2 6 9 5 0 8 6 4 
t:2 7 9 6 6 8 1 8 0 7 9 5 2 4 4 0 3 5 8 3 
***********
O:29907 and computed:29907  and if feasible=1
T:0.390000s
s:6 7 6 9 2 2 0 8 5 4 8 1 7 3 0 4 9 1 3 5 
t:7 2 0 3 3 1 8 1 9 2 0 4 7 5 5 9 6 4 1 6 
***********
O:29907 and computed:29907  and if feasible=1
T:0.220000s
s:3 2 3 0 7 7 9 1 4 5 1 8 2 6 9 5 0 8 6 4 
t:2 7 9 6 6 8 1 8 0 7 9 5 2 4 4 0 3 5 8 3 
***********
O:29907 and computed:29907  and if feasible=1
T:2.610000s
s:3 2 3 0 7 7 9 1 4 5 1 8 2 6 9 5 0 8 6 4 
t:2 7 9 6 6 8 1 8 0 7 9 5 2 4 4 0 3 5 8 3 
***********
O:29907 and computed:29907  and if feasible=1
T:0.670000s
s:3 2 3 0 7 7 9 1 4 5 1 8 2 6 9 5 0 8 6 4 
t:2 7 9 6 6 8 1 8 0 7 9 5 2 4 4 0 3 5 8 3 
***********
O:29907 and computed:29907  and if feasible=1
T:0.640000s
s:6 7 6 9 2 2 0 8 5 4 8 1 7 3 0 4 9 1 3 5 
t:7 2 0 3 3 1 8 1 9 2 0 4 7 5 5 9 6 4 1 6 
***********
O:29907 and computed:29907  and if feasible=1
T:1.540000s
s:6 7 6 9 2 2 0 8 5 4 8 1 7 3 0 4 9 1 3 5 
t:7 2 0 3 3 1 8 1 9 2 0 4 7 5 5 9 6 4 1 6 
***********
O:29907 and computed:29907  and if feasible=1
T:0.460000s
s:3 2 3 0 7 7 9 1 4 5 1 8 2 6 9 5 0 8 6 4 
t:2 7 9 6 6 8 1 8 0 7 9 5 2 4 4 0 3 5 8 3 
***********
O:29907 and computed:29907  and if feasible=1
T:0.150000s
s:6 7 6 9 2 2 0 8 5 4 8 1 7 3 0 4 9 1 3 5 
t:7 2 0 3 3 1 8 1 9 2 0 4 7 5 5 9 6 4 1 6 
***********
O:29907 and computed:29907  and if feasible=1
T:0.070000s
s:6 7 6 9 2 2 0 8 5 4 8 1 7 3 0 4 9 1 3 5 
t:7 2 0 3 3 1 8 1 9 2 0 4 7 5 5 9 6 4 1 6 
***********
ArgT:7.710000s argtime:0.771000s
ArgO:299070 argvalue:29907.000000
