O:29236 and computed:29236  and if feasible=1
T:0.070000s
s:7 4 7 6 8 0 9 3 3 3 6 2 5 1 0 2 4 8 1 5 
t:7 8 9 3 1 1 5 8 6 9 0 2 4 3 5 6 4 2 9 7 
***********
O:29236 and computed:29236  and if feasible=1
T:0.020000s
s:2 5 2 3 1 9 0 6 6 6 3 7 4 8 9 7 5 1 8 4 
t:2 1 0 6 8 8 4 1 3 0 9 7 5 6 4 3 5 7 0 2 
***********
O:29236 and computed:29236  and if feasible=1
T:0.060000s
s:7 4 7 6 8 0 9 3 3 3 6 2 5 1 0 2 4 8 1 5 
t:7 8 9 3 1 1 5 8 6 9 0 2 4 3 5 6 4 2 9 7 
***********
O:29236 and computed:29236  and if feasible=1
T:0.020000s
s:2 5 2 3 1 9 0 6 6 6 3 7 4 8 9 7 5 1 8 4 
t:2 1 0 6 8 8 4 1 3 0 9 7 5 6 4 3 5 7 0 2 
***********
O:29236 and computed:29236  and if feasible=1
T:0.020000s
s:7 4 7 6 8 0 9 3 3 3 6 2 5 1 0 2 4 8 1 5 
t:7 8 9 3 1 1 5 8 6 9 0 2 4 3 5 6 4 2 9 7 
***********
O:29236 and computed:29236  and if feasible=1
T:0.010000s
s:2 5 2 3 1 9 0 6 6 6 3 7 4 8 9 7 5 1 8 4 
t:2 1 0 6 8 8 4 1 3 0 9 7 5 6 4 3 5 7 0 2 
***********
O:29236 and computed:29236  and if feasible=1
T:0.010000s
s:2 5 2 3 1 9 0 6 6 6 3 7 4 8 9 7 5 1 8 4 
t:2 1 0 6 8 8 4 1 3 0 9 7 5 6 4 3 5 7 0 2 
***********
O:29236 and computed:29236  and if feasible=1
T:0.030000s
s:7 4 7 6 8 0 9 3 3 3 6 2 5 1 0 2 4 8 1 5 
t:7 8 9 3 1 1 5 8 6 9 0 2 4 3 5 6 4 2 9 7 
***********
O:29236 and computed:29236  and if feasible=1
T:0.040000s
s:7 4 7 6 8 0 9 3 3 3 6 2 5 1 0 2 4 8 1 5 
t:7 8 9 3 1 1 5 8 6 9 0 2 4 3 5 6 4 2 9 7 
***********
O:29236 and computed:29236  and if feasible=1
T:0.050000s
s:2 5 2 3 1 9 0 6 6 6 3 7 4 8 9 7 5 1 8 4 
t:2 1 0 6 8 8 4 1 3 0 9 7 5 6 4 3 5 7 0 2 
***********
ArgT:0.330000s argtime:0.033000s
ArgO:292360 argvalue:29236.000000
