O:28533 and computed:28533  and if feasible=1
T:0.080000s
s:6 3 6 5 7 0 7 1 2 2 5 4 6 0 0 1 3 8 2 4 
t:6 7 7 4 1 0 5 8 3 7 0 2 3 2 4 5 4 1 6 6 
***********
O:28533 and computed:28533  and if feasible=1
T:0.010000s
s:6 3 6 5 7 0 7 1 2 2 5 4 6 0 0 1 3 8 2 4 
t:6 7 7 4 1 0 5 8 3 7 0 2 3 2 4 5 4 1 6 6 
***********
O:28533 and computed:28533  and if feasible=1
T:0.000000s
s:3 6 3 4 2 9 2 8 7 7 4 5 3 9 9 8 6 1 7 5 
t:3 2 2 5 8 9 4 1 6 2 9 7 6 7 5 4 5 8 3 3 
***********
O:28533 and computed:28533  and if feasible=1
T:0.010000s
s:6 3 6 5 7 0 7 1 2 2 5 4 6 0 0 1 3 8 2 4 
t:6 7 7 4 1 0 5 8 3 7 0 2 3 2 4 5 4 1 6 6 
***********
O:28533 and computed:28533  and if feasible=1
T:0.010000s
s:6 3 6 5 7 0 7 1 2 2 5 4 6 0 0 1 3 8 2 4 
t:6 7 7 4 1 0 5 8 3 7 0 2 3 2 4 5 4 1 6 6 
***********
O:28533 and computed:28533  and if feasible=1
T:0.010000s
s:6 3 6 5 7 0 7 1 2 2 5 4 6 0 0 1 3 8 2 4 
t:6 7 7 4 1 0 5 8 3 7 0 2 3 2 4 5 4 1 6 6 
***********
O:28533 and computed:28533  and if feasible=1
T:0.010000s
s:3 6 3 4 2 9 2 8 7 7 4 5 3 9 9 8 6 1 7 5 
t:3 2 2 5 8 9 4 1 6 2 9 7 6 7 5 4 5 8 3 3 
***********
O:28533 and computed:28533  and if feasible=1
T:0.010000s
s:6 3 6 5 7 0 7 1 2 2 5 4 6 0 0 1 3 8 2 4 
t:6 7 7 4 1 0 5 8 3 7 0 2 3 2 4 5 4 1 6 6 
***********
O:28533 and computed:28533  and if feasible=1
T:0.010000s
s:6 3 6 5 7 0 7 1 2 2 5 4 6 0 0 1 3 8 2 4 
t:6 7 7 4 1 0 5 8 3 7 0 2 3 2 4 5 4 1 6 6 
***********
O:28533 and computed:28533  and if feasible=1
T:0.040000s
s:6 3 6 5 7 0 7 1 2 2 5 4 6 0 0 1 3 8 2 4 
t:6 7 7 4 1 0 5 8 3 7 0 2 3 2 4 5 4 1 6 6 
***********
ArgT:0.190000s argtime:0.019000s
ArgO:285330 argvalue:28533.000000
