100	20	20	100																																																																																																
																																																																																																			
13	0	0	23	0	0	33	0	19	0	0	0	0	0	0	0	0	0	0	42	11	32	0	0	28	0	31	0	0	19	0	0	27	0	44	0	0	0	0	47	31	0	0	0	11	0	47	43	43	0	0	0	0	0	0	0	44	0	0	0	0	0	0	0	0	15	11	0	17	15	48	30	0	46	10	46	0	19	0	0	0	0	34	0	0	27	0	36	0	0	0	0	0	14	0	0	0	50	0	0
0	0	0	0	0	0	0	49	0	0	0	0	0	0	0	25	0	0	0	43	0	0	50	0	42	0	0	0	0	50	0	0	0	0	40	0	0	48	0	0	0	26	0	0	0	0	26	0	0	0	44	0	18	0	0	33	0	13	0	0	0	48	0	0	0	17	15	0	0	0	0	0	0	0	0	0	0	0	23	0	0	0	0	24	29	0	0	25	0	29	11	0	0	0	0	0	0	13	0	19
0	0	18	0	0	36	0	20	0	0	45	0	44	0	0	0	0	0	0	0	0	0	0	0	0	0	27	20	0	0	49	0	0	0	0	0	0	0	0	26	0	0	18	0	0	0	0	0	0	17	0	0	0	0	0	0	32	33	10	0	0	0	0	0	0	0	0	0	34	28	42	0	0	0	0	0	41	0	0	0	0	0	0	0	0	0	0	0	0	0	0	23	45	39	0	0	32	0	0	0
0	13	0	0	31	0	0	0	0	47	0	0	0	0	0	0	0	38	0	0	17	0	27	14	0	17	0	0	0	46	0	0	0	0	0	0	0	0	0	0	0	0	0	0	0	0	0	28	0	14	48	0	33	0	0	0	0	0	0	0	0	0	0	45	0	18	0	0	0	33	0	0	0	0	0	0	0	29	44	0	0	0	0	34	49	0	24	46	0	0	0	0	0	0	47	0	0	0	0	39
0	0	0	0	0	0	15	0	0	0	15	22	0	0	0	42	0	42	0	0	0	13	0	0	21	0	0	0	0	0	43	0	19	0	0	0	0	14	0	43	0	43	0	0	0	0	0	0	0	34	0	0	0	10	40	0	0	0	0	0	0	0	38	0	31	49	0	26	0	0	0	0	0	0	0	0	0	0	0	0	0	0	0	45	0	0	14	0	0	0	0	0	0	0	0	40	0	0	30	17
0	0	0	27	0	0	50	0	36	29	27	33	0	0	0	0	0	0	28	0	0	0	0	0	0	0	0	0	0	0	25	0	0	0	0	32	0	0	12	0	0	0	12	22	0	0	0	31	0	0	19	0	11	0	0	0	0	0	0	0	0	0	25	10	0	24	0	0	0	0	35	32	23	0	14	0	10	0	0	18	0	0	0	0	0	0	0	0	0	0	30	0	0	0	0	0	0	0	0	0
0	0	29	0	0	34	0	27	44	0	0	0	0	0	0	0	0	0	0	0	19	49	44	0	0	0	22	0	0	40	0	0	0	0	0	0	0	0	0	0	0	0	0	0	0	0	0	28	0	0	0	0	0	0	0	20	0	0	0	0	0	37	0	31	0	0	0	21	0	0	0	0	0	0	0	0	0	0	0	0	46	0	0	0	48	39	31	0	0	0	28	0	0	35	0	18	0	0	0	0
0	0	16	0	0	0	0	0	0	0	19	0	0	0	0	0	0	0	10	28	0	0	0	0	15	0	23	0	12	0	0	0	0	21	20	0	0	0	0	0	42	0	0	0	0	0	0	0	0	0	0	0	0	0	34	30	11	0	0	36	33	0	0	17	0	0	0	0	0	0	0	0	0	0	0	0	13	32	0	0	0	0	0	0	0	0	50	0	0	0	0	50	38	0	0	37	0	10	14	0
0	43	0	0	31	0	0	0	0	0	0	0	0	0	0	44	49	0	32	31	48	0	28	0	0	0	0	14	0	0	0	18	0	0	0	28	48	0	0	0	0	0	0	17	0	0	0	0	40	0	0	0	0	0	23	0	45	0	34	0	0	0	0	0	0	0	0	40	0	35	0	10	0	0	0	0	0	0	0	15	0	45	14	35	0	50	40	0	30	0	0	0	0	36	42	0	0	0	15	23
0	0	50	13	45	0	0	0	0	0	31	0	37	28	0	39	21	18	0	34	0	24	0	0	0	36	0	0	47	0	0	0	35	0	40	0	0	0	0	23	0	25	19	43	0	0	0	0	0	0	0	0	10	0	0	0	26	0	0	0	0	29	0	0	0	0	38	0	0	0	41	50	0	0	0	0	0	28	0	0	0	30	0	0	0	32	0	0	0	47	0	0	0	0	36	0	0	34	0	38
43	0	0	34	0	0	39	0	0	28	0	0	0	0	40	0	0	0	0	0	0	14	0	14	29	0	0	0	0	0	0	0	0	41	0	0	23	0	30	0	0	0	0	50	0	0	0	23	0	0	37	0	0	34	0	0	0	0	0	0	0	22	12	0	31	18	0	26	0	0	25	0	0	0	0	15	0	0	0	0	0	0	0	0	0	0	40	0	0	0	0	0	0	0	0	0	0	0	0	10
0	0	45	11	0	0	0	0	0	0	0	10	40	0	45	37	0	0	0	0	15	0	0	0	0	0	0	41	0	0	0	24	0	0	0	0	0	0	16	0	0	0	0	0	0	0	0	0	36	21	32	0	24	0	0	0	0	0	0	0	45	0	0	40	0	0	0	0	0	0	14	0	12	0	19	10	0	0	29	16	0	0	30	0	0	24	0	0	0	28	0	41	0	18	28	0	0	0	0	0
0	30	0	0	0	0	0	0	0	0	0	0	43	0	0	0	24	0	0	21	0	0	29	16	30	23	17	0	0	0	0	14	0	0	33	0	0	43	0	0	29	0	18	0	46	0	0	0	32	0	0	0	0	0	0	16	0	35	0	0	42	0	0	0	20	0	0	37	0	0	40	48	0	46	28	0	0	0	0	0	0	25	0	0	46	0	0	0	0	50	0	0	0	35	0	30	26	0	0	0
0	0	0	0	0	0	0	33	0	0	0	0	0	17	0	0	22	34	17	13	28	0	0	32	0	0	26	0	0	0	0	0	0	14	0	0	0	0	0	0	0	24	0	0	0	0	50	0	0	0	0	0	0	0	49	0	0	0	0	0	0	0	0	0	0	49	0	0	0	0	0	0	45	14	0	0	0	27	0	0	0	0	0	0	0	0	0	0	33	0	0	0	28	0	0	11	0	0	0	0
0	28	0	0	0	44	10	0	0	0	0	28	0	0	0	42	0	0	0	25	0	0	0	15	27	0	0	0	0	0	0	0	13	0	0	0	10	0	0	0	0	0	27	0	0	28	12	0	0	0	0	0	17	0	17	0	18	0	0	0	0	0	16	0	41	31	0	45	0	0	0	30	0	0	44	0	0	0	0	0	0	0	24	0	0	0	0	41	0	0	38	0	0	0	0	0	13	0	0	0
46	0	0	0	0	12	49	0	36	40	46	20	0	40	38	0	0	0	0	14	0	0	0	0	0	0	0	0	39	42	0	0	0	22	0	0	0	10	0	18	0	0	0	0	33	0	37	33	10	0	0	0	0	0	0	0	0	0	0	0	0	0	0	0	0	0	37	18	0	0	0	0	0	0	0	0	0	0	0	0	0	29	0	0	42	15	0	0	0	39	0	0	10	0	49	0	0	0	0	0
10	44	0	0	0	0	0	0	0	42	0	0	0	0	0	0	0	0	0	0	0	0	0	0	17	34	44	0	37	36	43	29	0	29	0	0	0	48	46	37	0	0	0	0	0	0	49	0	0	0	48	0	0	0	0	48	0	0	0	0	0	0	0	38	0	18	0	0	0	0	39	0	0	0	0	0	0	48	0	11	0	31	0	0	0	0	0	0	0	0	16	0	0	0	0	0	23	0	0	0
0	17	0	0	0	50	0	26	0	0	0	0	0	0	0	42	16	0	0	0	47	0	0	39	48	0	0	0	0	0	0	40	0	0	0	0	0	25	0	0	0	16	0	11	0	0	12	46	0	19	0	0	0	0	0	30	0	49	0	0	27	0	0	0	0	10	0	17	0	0	0	0	29	0	0	0	0	45	0	0	0	17	0	12	0	0	0	0	0	22	0	0	0	0	32	0	23	0	0	0
0	0	0	0	0	0	0	43	0	0	0	45	0	0	0	0	14	0	18	0	0	0	0	0	18	0	0	0	0	0	0	0	37	39	0	0	0	0	21	0	0	0	0	33	0	0	0	38	0	0	0	24	0	0	0	35	0	37	0	0	0	0	0	0	0	43	0	39	0	0	0	0	0	50	0	0	0	0	0	0	0	0	0	0	0	0	18	0	49	12	0	0	0	0	0	0	0	0	0	0
0	0	0	0	0	0	0	0	0	13	0	39	0	0	0	46	0	0	0	0	0	23	0	20	0	0	0	0	0	0	37	0	0	0	35	0	0	0	0	0	0	0	38	0	14	36	0	0	0	35	15	0	0	25	45	44	0	0	0	16	0	0	0	0	0	0	0	0	39	35	0	0	0	0	0	0	0	11	39	0	0	44	0	16	0	19	0	0	0	31	0	33	0	16	31	0	0	0	34	0
0	0	22	32	0	0	35	0	36	0	0	19	0	38	36	0	0	0	0	0	0	0	32	0	0	18	0	14	0	0	0	30	0	0	0	0	0	0	0	18	0	0	0	0	0	0	0	0	0	46	26	0	30	0	0	0	0	41	0	0	0	23	25	24	0	0	38	0	0	0	0	0	0	0	0	37	0	10	12	0	0	0	0	0	21	0	0	0	0	0	0	0	0	0	0	0	0	0	0	34
0	29	0	0	0	0	0	0	50	0	0	0	0	0	0	0	0	0	0	0	0	0	0	0	0	0	34	0	0	0	0	0	12	47	0	0	19	0	0	0	0	12	0	0	0	0	0	0	0	0	15	35	0	0	0	0	0	0	31	0	0	0	18	0	0	0	0	0	0	40	0	0	0	26	0	33	0	31	0	29	0	0	0	0	43	0	0	0	0	0	0	0	0	0	37	0	0	0	0	29
0	0	0	0	0	0	0	21	0	0	0	0	32	0	0	0	0	0	0	27	17	0	0	0	0	0	0	0	0	0	0	0	0	45	0	0	50	0	0	0	0	0	0	0	0	0	0	0	0	0	41	0	0	0	0	23	0	0	0	0	42	0	0	45	0	0	0	0	17	0	0	0	0	10	0	0	0	18	0	0	0	0	0	0	37	42	0	0	0	15	0	0	21	0	0	0	34	0	0	20
0	19	18	0	0	0	0	0	31	0	0	0	35	24	46	0	0	0	0	50	0	0	0	0	0	29	47	33	0	0	0	0	0	0	11	0	25	0	0	0	0	17	30	0	0	0	0	41	0	0	0	0	0	0	0	0	0	0	14	0	46	0	44	0	0	34	20	0	0	0	0	0	28	0	0	0	17	0	0	0	0	0	41	0	0	12	0	0	0	0	0	0	0	0	0	15	0	46	0	0
0	0	44	32	0	0	0	0	0	0	0	0	0	0	0	0	0	0	0	0	0	0	0	0	0	33	0	0	0	38	0	0	0	27	37	0	0	38	0	0	0	0	0	48	25	0	15	0	0	0	0	31	0	25	0	0	0	0	49	22	0	0	0	0	0	0	0	0	0	0	0	41	0	0	0	19	0	0	0	0	30	21	0	0	0	22	0	0	32	0	0	0	0	0	0	0	0	0	38	0
13	34	0	0	17	23	10	40	0	0	0	0	17	36	0	0	0	0	0	0	0	0	0	0	26	37	22	46	24	0	17	20	0	0	0	0	0	47	0	44	35	18	0	0	0	0	49	0	0	0	0	0	0	14	0	0	0	49	0	0	0	0	31	0	0	0	0	0	0	0	0	0	0	0	0	0	48	0	0	38	0	0	0	0	0	0	35	0	16	19	29	0	47	0	16	43	0	0	0	0
0	0	44	0	18	0	0	0	0	0	0	32	0	30	24	0	0	0	0	0	0	30	0	0	0	0	0	0	0	0	12	0	0	45	0	0	0	0	0	47	0	0	0	0	0	0	20	0	11	0	0	0	47	0	0	50	0	0	0	0	0	0	0	0	0	0	0	27	0	0	0	0	0	0	0	0	0	38	0	0	0	35	0	14	0	0	0	0	15	0	26	16	0	0	16	0	0	40	20	0
37	0	45	0	0	0	0	0	0	0	0	0	0	50	0	0	19	0	0	21	26	10	0	24	0	12	18	0	0	0	0	31	0	0	0	17	0	0	0	40	0	0	36	0	0	0	21	0	38	0	0	0	0	0	29	0	45	0	38	0	0	0	24	39	0	0	0	0	0	0	0	0	25	31	0	0	0	0	0	0	46	0	18	0	21	0	0	0	0	0	46	0	0	0	13	0	0	0	0	0
0	39	17	0	48	0	0	0	28	0	0	0	0	0	0	0	0	0	0	0	0	45	0	0	20	0	0	0	13	0	47	0	0	0	0	0	49	22	25	0	0	50	19	33	0	18	0	0	0	0	0	50	0	0	0	0	0	10	0	0	0	0	0	0	0	0	33	0	0	0	0	33	0	0	50	17	0	40	0	0	0	0	0	27	0	0	0	0	0	0	36	0	0	0	0	0	22	0	35	0
16	0	0	0	0	0	0	0	0	0	0	0	0	0	38	26	15	0	0	0	36	0	0	0	0	0	33	0	0	0	15	0	0	42	0	0	0	0	0	0	0	47	0	0	10	0	0	0	0	0	36	0	0	0	0	0	16	0	0	0	0	0	0	0	0	14	39	0	0	24	0	0	0	36	0	0	0	40	0	0	0	0	0	0	0	0	0	0	0	0	0	0	25	0	0	0	0	0	0	0
0	0	20	43	0	0	0	0	0	0	0	44	0	0	0	49	21	0	0	0	0	0	0	25	0	0	36	0	0	0	34	0	0	0	0	0	0	33	28	14	28	0	0	0	0	0	0	0	0	0	0	0	0	0	0	0	0	0	0	0	0	0	0	0	0	0	0	0	0	0	0	0	0	0	0	0	29	13	0	0	0	45	0	0	31	0	0	0	19	0	0	0	0	0	0	0	0	0	0	0
0	0	0	0	0	0	0	0	0	0	0	0	0	0	0	0	0	25	0	0	0	0	0	0	0	31	0	37	0	0	35	0	0	0	0	0	0	35	47	0	0	0	37	0	0	0	0	0	0	32	0	0	0	32	0	0	0	0	0	0	0	45	0	0	0	42	0	0	43	12	0	28	0	37	0	0	0	0	0	0	32	0	18	0	0	0	0	0	0	0	24	0	0	29	0	44	0	0	0	48
0	0	0	13	16	18	0	0	0	0	0	10	49	0	0	0	0	0	0	0	21	0	0	0	0	0	0	0	0	0	0	43	0	0	0	0	0	0	0	14	0	0	0	0	47	0	0	19	0	0	36	0	38	50	13	0	0	0	25	0	0	0	0	0	36	50	43	0	0	40	0	0	0	0	0	42	12	0	0	35	0	0	0	0	13	0	0	0	0	39	0	34	11	29	0	0	27	0	0	0
0	0	0	0	0	0	35	41	0	0	37	0	35	23	0	0	40	38	0	0	0	38	16	0	0	0	0	0	0	0	20	0	0	0	0	40	0	0	0	0	0	0	0	0	37	47	29	0	0	15	0	0	46	0	0	0	0	0	47	0	49	0	22	0	0	0	0	0	0	24	0	38	0	31	0	0	0	40	0	0	0	14	0	0	27	0	0	0	0	50	0	0	24	0	0	50	0	0	32	0
0	0	0	0	0	0	0	36	0	0	0	0	0	31	16	15	35	0	40	0	0	0	14	34	34	0	0	35	0	0	0	0	25	0	49	0	0	23	0	0	0	0	0	0	0	0	26	39	0	0	0	0	22	0	0	17	40	0	47	16	0	0	0	0	0	0	27	0	0	0	0	0	48	0	0	0	0	11	28	0	49	32	0	0	17	0	0	0	38	0	0	0	0	0	0	0	0	0	0	44
26	21	39	32	0	26	30	11	0	0	0	0	0	32	36	0	0	10	0	0	0	12	24	0	0	39	0	0	16	0	44	0	23	0	40	0	0	43	0	0	0	0	12	0	24	0	0	24	0	48	17	46	0	0	0	0	0	49	0	0	35	0	0	15	40	47	47	0	0	0	14	0	0	0	0	34	0	0	37	0	0	0	0	0	0	0	0	0	40	0	0	0	0	0	0	0	12	0	0	15
36	47	0	50	0	0	50	0	0	0	0	0	47	0	0	12	0	0	18	10	28	0	0	0	0	0	0	0	0	0	0	0	0	42	0	0	28	0	0	0	0	0	0	34	26	0	46	0	19	0	0	0	21	0	0	42	0	0	22	0	0	0	13	0	0	19	0	0	0	24	36	0	0	0	32	32	0	0	43	30	0	11	0	0	0	18	0	0	27	0	0	0	0	0	0	0	36	34	0	44
0	15	0	0	0	18	0	0	0	0	0	33	0	0	0	0	0	33	0	13	0	0	11	0	0	0	0	0	22	39	0	0	48	0	36	50	0	11	0	20	0	29	30	41	0	0	34	0	0	0	0	0	15	0	0	0	0	0	18	42	0	0	0	0	0	43	0	0	0	0	38	0	0	0	0	0	0	11	0	29	15	44	0	0	0	0	0	0	0	0	0	0	0	0	24	0	30	0	0	0
49	0	33	23	0	46	0	0	15	47	0	0	0	29	0	0	0	40	0	0	0	0	21	35	0	28	0	0	0	0	0	0	30	0	21	25	0	12	0	0	0	0	0	46	0	0	0	15	0	48	0	0	0	46	0	44	0	0	0	0	0	0	0	0	0	0	0	0	0	12	0	0	25	0	0	0	0	44	0	0	0	37	0	15	0	0	0	0	0	0	43	0	0	0	0	0	40	0	0	0
0	12	0	0	0	14	0	0	0	0	11	0	0	34	0	0	0	0	0	28	0	11	0	49	0	0	27	40	0	0	0	14	0	50	0	47	47	0	0	0	0	0	0	0	34	0	0	0	0	32	0	34	20	0	0	0	0	0	40	0	0	0	0	0	27	0	29	0	0	0	0	0	0	0	0	0	17	0	0	0	47	35	14	48	0	0	0	0	0	0	0	0	0	0	0	0	0	0	0	0
0	0	0	0	0	34	39	0	10	0	0	0	0	14	0	0	0	22	0	0	0	13	0	0	0	0	0	0	0	0	25	48	0	40	0	0	0	0	0	0	0	0	0	0	0	0	0	0	49	50	0	48	50	0	0	0	0	39	36	0	0	0	0	0	0	0	0	0	0	33	47	13	0	28	46	0	0	0	46	0	10	0	0	0	0	11	0	0	0	0	0	0	0	0	0	0	0	0	32	13
50	0	27	0	44	0	12	30	0	14	0	0	0	0	40	0	0	0	44	0	0	0	0	0	19	0	0	19	0	0	0	0	10	0	0	0	0	0	25	0	0	41	0	0	0	0	33	0	0	0	0	0	0	31	0	0	0	0	0	0	0	0	16	0	0	23	0	0	14	0	0	39	0	45	0	0	0	0	0	17	0	0	0	22	0	33	0	0	0	36	0	23	35	0	0	19	0	38	22	0
0	0	40	0	0	0	0	11	0	0	41	0	0	37	0	30	0	0	0	0	0	0	0	0	0	18	0	0	0	0	0	0	36	32	20	0	49	0	0	0	0	0	0	0	30	0	0	0	21	0	0	0	0	14	0	44	0	0	0	0	0	0	0	0	0	43	0	0	0	0	14	0	0	0	0	0	0	18	0	0	0	0	0	0	0	0	0	0	0	12	0	0	14	0	0	22	0	0	28	0
0	0	0	24	0	0	21	42	0	19	0	0	20	35	0	0	0	0	0	0	0	41	31	34	33	0	0	0	0	32	0	0	0	50	0	0	0	0	0	0	0	0	0	0	35	0	0	0	0	46	0	0	0	0	0	0	0	0	23	0	18	0	0	16	0	0	0	35	0	0	0	0	0	0	0	11	0	36	0	0	0	0	0	16	36	0	0	39	0	15	36	0	0	0	0	0	0	37	0	0
0	0	0	0	0	40	0	0	0	0	0	0	0	0	0	31	0	22	26	0	49	0	0	10	0	34	0	45	0	0	0	0	0	0	17	40	0	17	0	0	40	42	0	0	0	48	0	0	0	0	32	47	0	0	0	0	0	0	0	0	19	0	0	0	0	0	0	0	36	0	0	0	0	0	29	31	50	0	46	0	29	0	18	0	0	0	0	0	0	0	0	50	0	0	20	0	31	50	0	0
0	0	0	28	0	38	27	45	0	0	0	0	41	0	32	0	0	14	0	0	0	0	0	0	0	0	0	0	21	0	0	0	0	0	11	0	0	0	33	49	0	0	0	0	0	31	0	0	49	0	0	42	0	0	0	25	0	33	0	0	0	0	0	0	0	0	0	0	0	0	17	47	0	0	0	0	0	0	43	40	0	47	33	0	0	11	0	23	0	0	0	0	0	0	0	0	11	0	0	0
24	0	0	0	0	43	29	0	0	0	50	0	0	32	0	0	0	42	27	0	0	0	0	0	0	0	10	0	0	0	28	0	0	0	0	0	0	0	0	18	0	45	0	0	25	44	20	0	0	41	0	0	10	0	0	31	0	0	0	0	0	0	0	0	0	0	0	21	0	46	0	0	0	0	0	0	0	0	0	0	26	0	0	0	0	0	0	44	0	44	0	0	0	45	37	0	0	0	0	0
0	0	0	16	0	0	0	0	0	0	0	0	0	0	0	0	16	0	14	0	0	0	0	0	0	0	0	0	0	0	0	0	0	0	0	10	43	0	40	0	0	0	0	0	0	0	0	0	0	0	0	0	14	0	0	0	0	0	0	50	0	0	0	11	0	0	0	21	0	15	44	0	31	0	0	0	0	0	0	35	0	0	0	0	34	10	30	0	0	0	0	0	20	0	34	13	0	0	0	0
0	0	42	0	0	0	0	47	0	0	19	0	49	0	0	0	48	43	0	0	16	26	43	0	0	0	0	0	0	0	0	0	0	0	0	11	0	0	0	0	0	0	29	0	46	0	35	41	0	10	22	0	17	0	0	0	0	0	0	0	0	0	0	0	0	31	17	0	20	0	0	17	0	0	0	0	0	29	0	10	0	18	0	0	0	0	0	0	0	0	0	0	0	0	0	0	19	23	0	0
40	0	28	48	28	41	0	0	0	0	0	30	0	0	0	0	16	0	42	36	0	39	39	0	50	0	0	15	28	0	0	0	0	0	0	0	33	0	0	0	0	0	32	0	39	27	0	0	12	0	0	0	24	12	0	0	12	0	0	10	0	0	0	0	0	49	0	0	0	0	0	0	0	0	0	0	0	0	0	25	0	0	27	0	0	0	0	0	0	35	0	0	39	0	0	0	0	0	37	0
0	0	41	0	33	0	0	0	45	28	0	35	0	0	23	0	0	0	37	0	0	0	0	0	0	48	0	0	0	0	0	0	0	0	0	0	0	0	0	0	17	41	0	0	21	0	18	0	37	0	48	0	0	0	0	0	0	0	15	0	50	0	0	0	0	0	16	0	26	0	0	0	33	0	13	19	0	0	0	10	0	0	0	0	0	0	0	0	0	0	0	0	0	0	22	0	0	0	33	0
0	0	23	0	0	0	0	44	0	36	0	39	0	0	0	0	0	36	0	0	0	0	37	0	0	0	0	22	0	0	0	0	0	0	0	0	0	15	0	0	0	0	0	0	0	0	0	0	0	0	0	0	0	13	0	0	0	0	0	0	0	0	0	0	0	0	0	0	0	11	0	0	0	0	0	0	0	0	0	0	31	0	0	25	30	0	0	0	0	0	0	0	0	10	0	0	29	0	0	0
0	19	50	0	0	39	0	0	16	0	0	0	0	0	0	0	0	0	0	0	27	0	0	18	0	0	0	0	41	0	0	0	0	0	0	0	44	0	0	30	0	0	0	0	0	0	0	0	18	0	36	0	0	32	0	0	11	0	45	0	33	0	37	0	32	0	0	0	47	0	0	0	0	0	0	19	0	14	0	39	0	39	45	0	18	0	0	49	0	0	0	0	30	0	0	22	0	0	0	0
40	0	0	0	10	0	0	0	49	0	18	0	0	31	0	0	0	31	0	0	0	0	37	0	0	0	0	0	0	12	0	40	0	0	0	28	0	0	0	19	50	0	0	0	26	0	0	30	0	0	0	22	42	0	26	0	0	0	0	0	0	0	0	0	0	0	0	0	47	48	0	28	0	0	36	0	0	0	0	40	0	0	34	30	0	0	0	0	19	24	26	0	26	0	0	0	0	0	0	0
0	0	0	0	0	0	0	0	0	0	24	0	0	0	30	0	38	0	0	36	0	0	0	0	0	0	0	0	0	0	26	0	0	12	0	0	0	0	21	0	0	0	21	0	0	0	15	48	0	0	0	0	0	14	0	0	0	0	0	15	0	0	0	0	24	0	0	41	0	0	0	0	0	0	0	0	20	0	0	0	49	42	0	0	0	0	0	0	0	0	0	0	0	0	0	40	0	0	0	0
0	50	0	0	0	0	0	0	0	0	0	24	0	38	0	0	0	0	0	0	0	0	0	10	29	0	0	0	0	0	0	28	13	10	0	0	39	27	29	40	0	0	0	0	0	0	0	0	0	0	0	29	0	0	42	0	0	0	0	0	0	0	0	20	0	27	0	0	0	33	34	12	0	24	0	0	0	0	0	0	0	14	0	0	0	0	42	0	20	0	0	0	0	0	0	33	0	0	25	0
21	0	0	0	0	0	50	0	0	0	42	21	0	37	0	0	23	27	0	10	0	24	0	0	47	0	0	20	0	0	21	0	0	0	0	0	36	0	0	0	0	0	0	0	0	34	18	0	0	34	0	0	0	10	0	0	24	0	0	19	19	18	0	0	0	0	29	25	0	27	0	0	0	0	0	0	0	14	0	0	28	0	0	49	0	0	21	0	0	0	0	0	0	0	0	31	0	0	0	17
50	38	0	12	42	0	0	0	42	0	0	0	0	0	0	0	0	0	31	0	0	0	0	0	0	0	0	0	48	0	0	0	0	0	33	48	0	0	0	0	0	0	0	0	0	0	0	0	0	0	26	0	0	41	0	16	0	0	0	26	0	0	0	0	0	0	35	21	0	45	0	0	0	31	0	0	0	28	0	0	0	25	0	0	25	23	0	0	0	0	37	0	0	0	14	26	0	0	0	0
0	0	31	0	0	14	17	0	0	11	44	0	0	0	41	0	0	0	0	0	0	44	0	0	29	0	0	0	0	0	0	0	0	0	0	0	0	42	0	0	11	47	33	33	0	26	0	0	0	0	44	17	47	0	19	0	0	0	36	0	0	0	0	0	0	16	0	0	0	0	0	0	29	0	0	40	36	30	0	0	37	0	0	0	36	0	0	45	26	0	24	0	0	15	0	33	0	0	32	0
0	47	31	0	41	0	0	0	0	0	28	28	0	0	26	0	0	0	0	0	0	0	26	18	46	19	0	0	0	0	18	0	35	16	0	21	0	0	0	0	0	0	0	15	0	0	0	50	27	39	0	0	50	36	0	0	0	0	0	0	0	0	0	38	0	40	0	0	29	26	0	0	0	0	0	22	0	0	0	0	0	0	0	0	36	45	0	0	0	0	0	0	0	0	0	0	24	0	0	0
0	0	49	16	0	0	19	0	30	0	0	41	0	17	0	0	0	0	50	0	0	34	48	0	0	0	0	0	0	0	23	0	0	0	0	0	0	0	20	0	0	35	0	14	0	0	0	38	0	0	0	49	0	0	0	0	0	0	0	0	0	20	0	0	0	0	0	14	31	0	34	0	0	0	35	0	16	12	0	0	0	0	0	0	0	13	0	29	0	0	0	34	0	0	0	0	0	0	0	0
0	0	0	0	0	47	42	0	0	0	0	0	0	30	0	0	0	0	12	0	0	0	0	0	0	0	45	0	0	0	42	0	0	0	0	32	16	0	0	0	0	26	46	0	0	0	17	43	47	0	0	0	0	0	0	42	48	0	0	50	0	0	0	0	38	21	0	0	0	0	0	0	0	0	0	0	36	0	0	10	29	26	22	0	0	0	0	0	0	0	0	27	34	0	0	0	0	0	0	0
0	50	0	0	0	27	0	0	0	0	0	0	0	0	0	0	0	11	24	0	27	0	0	0	0	40	14	0	0	0	0	0	40	0	0	0	0	0	0	0	0	0	0	0	0	23	0	0	15	0	0	10	0	0	0	0	34	0	0	0	0	0	23	0	0	30	0	0	0	0	0	0	12	0	0	0	38	11	0	0	22	44	0	0	0	0	0	19	32	35	0	0	0	0	35	0	42	0	30	0
0	0	0	0	0	0	11	28	0	0	44	38	0	0	16	0	0	0	0	0	0	0	0	41	0	0	0	46	14	0	0	0	0	48	0	0	29	0	0	0	0	0	0	19	0	22	24	20	0	0	39	0	30	46	0	0	0	0	0	0	0	0	0	0	0	0	0	0	0	38	42	0	0	0	18	0	0	0	0	0	0	0	0	0	0	0	0	0	23	16	0	13	0	0	0	38	48	0	0	0
33	0	0	0	0	0	0	0	0	0	0	0	41	0	0	0	0	0	0	0	0	0	0	0	34	0	30	0	0	0	0	0	0	10	0	0	0	0	0	0	0	0	0	26	0	0	0	10	0	30	0	0	0	0	0	42	46	29	26	0	0	0	0	0	0	0	0	0	0	0	33	0	0	0	0	16	39	0	0	0	0	0	0	0	0	0	0	0	0	0	0	0	0	0	0	0	0	31	20	0
0	0	0	0	0	0	0	0	0	0	0	0	29	42	0	0	0	44	20	47	0	23	0	39	0	0	0	0	42	0	0	0	25	0	35	0	0	0	0	33	0	0	35	48	0	0	0	0	0	0	0	0	0	0	0	0	0	0	41	0	0	0	0	49	0	0	0	0	34	0	0	45	47	0	21	0	21	26	0	0	0	0	0	0	0	0	17	13	0	15	0	0	0	0	0	0	0	0	0	0
0	23	0	0	0	0	0	0	46	0	0	0	0	48	0	50	0	44	0	0	0	45	0	0	0	0	0	31	0	0	0	12	0	0	0	37	0	29	0	0	0	26	0	0	0	34	0	0	0	0	0	22	0	0	0	0	0	0	40	0	0	0	40	0	0	0	0	22	0	0	0	0	0	0	15	45	0	0	0	40	0	26	0	0	16	0	0	0	0	0	0	38	0	0	0	0	0	29	43	0
29	34	23	32	0	0	41	0	0	0	0	0	0	0	0	0	0	0	0	0	0	0	0	0	0	29	0	0	11	0	0	0	0	0	0	0	0	0	29	0	0	0	0	0	0	0	0	0	0	0	0	38	0	0	0	0	0	0	0	0	37	0	49	0	0	0	0	30	0	0	0	0	0	0	28	0	0	0	0	10	0	0	0	0	0	44	0	36	0	43	42	30	0	0	0	0	40	0	0	0
0	19	0	0	29	0	0	37	23	0	0	47	0	0	0	38	0	0	24	0	25	0	0	0	0	0	0	0	0	0	0	23	0	0	0	0	0	0	0	0	0	37	0	0	0	0	16	0	24	0	45	28	25	25	0	0	0	0	0	0	0	42	19	0	0	0	0	0	0	28	42	0	35	0	0	0	0	49	0	0	0	0	33	0	0	0	0	0	0	0	0	0	0	0	0	25	0	49	0	0
0	0	26	0	0	40	0	0	24	0	50	0	31	0	0	0	24	0	0	0	0	0	14	0	0	0	0	0	35	0	0	42	0	15	0	0	0	22	0	0	0	0	0	0	0	48	0	50	18	15	0	0	44	0	0	10	0	17	0	0	0	17	0	0	0	0	35	0	0	13	0	0	0	0	0	0	0	0	0	0	40	0	0	0	0	30	15	0	25	0	35	0	0	0	0	0	0	0	0	0
0	0	0	49	0	0	17	0	0	0	0	0	0	11	30	0	0	0	0	0	0	0	12	0	0	0	0	0	0	0	16	0	0	0	17	0	0	0	0	0	0	43	0	0	0	0	0	0	34	0	0	0	20	0	0	37	0	0	0	0	31	0	0	0	0	25	0	13	0	0	0	0	0	0	0	0	0	0	32	0	30	0	0	0	11	0	33	0	0	0	0	0	0	12	49	0	0	0	0	0
0	0	0	0	0	0	0	46	0	0	0	0	0	0	0	0	14	0	19	0	0	22	0	0	0	27	32	0	0	0	0	0	0	46	0	0	0	0	0	0	0	0	0	0	0	0	0	0	0	0	48	0	0	0	0	0	0	25	0	0	41	0	0	0	0	0	20	11	29	0	0	0	0	0	0	0	0	35	0	0	35	0	0	0	0	21	0	0	0	0	0	0	0	0	0	0	0	0	0	0
37	0	0	0	0	47	0	0	0	0	0	0	0	0	0	0	0	0	0	41	0	0	33	44	16	24	0	0	0	0	25	0	0	0	39	10	0	0	0	0	0	0	0	0	0	0	0	0	0	13	0	18	0	0	0	0	0	12	0	0	25	0	0	47	0	16	0	0	0	0	0	0	0	0	0	0	45	18	35	0	0	26	0	14	39	0	0	0	0	0	0	0	0	0	0	0	0	34	0	0
0	42	0	0	0	0	0	0	15	0	34	0	16	0	0	28	0	0	0	0	0	0	0	43	0	0	0	0	0	0	22	26	0	0	0	0	0	33	0	0	0	0	33	0	27	0	0	22	0	0	45	22	0	50	21	0	0	34	0	0	29	39	0	0	43	0	0	25	0	0	38	0	0	0	0	0	42	0	0	0	0	0	0	34	0	0	45	41	33	0	0	27	0	0	0	0	0	0	24	0
0	0	0	0	0	0	0	0	0	0	0	0	0	45	0	0	0	21	0	0	0	0	15	0	0	0	0	0	0	0	50	0	0	0	0	0	0	0	0	0	0	40	0	0	0	0	0	13	35	0	23	0	0	0	0	0	0	0	0	0	0	0	0	0	0	0	48	0	0	0	11	32	47	17	42	50	0	0	0	0	46	0	0	0	0	0	0	0	0	0	0	0	0	0	0	28	0	0	16	0
0	23	0	0	24	0	48	30	0	0	0	21	0	13	0	0	0	0	0	0	0	0	0	36	0	0	0	0	18	0	0	0	0	0	0	38	0	45	24	0	0	0	0	0	35	0	0	0	0	18	0	0	33	45	0	0	0	14	49	0	0	0	33	16	43	0	48	0	0	38	20	0	21	19	0	0	0	15	10	42	0	0	24	0	0	0	0	0	37	10	0	41	0	0	21	0	35	26	0	0
30	0	31	0	0	0	0	0	0	0	0	43	0	0	20	36	0	36	0	41	0	0	0	0	0	10	0	0	0	0	0	0	0	0	17	0	0	0	0	0	0	0	17	0	0	0	0	0	0	0	0	0	0	42	37	14	0	16	0	48	0	0	0	0	49	38	0	45	0	42	0	0	49	30	0	0	0	0	0	0	0	0	0	39	0	0	0	0	0	0	0	25	0	0	0	0	0	19	0	0
0	0	0	0	0	37	0	0	0	0	0	27	0	20	10	0	0	0	25	0	0	0	0	23	0	14	0	0	0	0	0	0	0	0	11	0	0	0	0	0	0	49	0	34	0	32	0	0	0	0	0	0	0	36	0	0	0	0	0	27	0	0	0	0	44	0	0	0	0	0	39	0	0	26	49	12	48	0	0	0	0	36	0	0	0	0	0	0	0	0	0	20	0	0	0	21	0	0	46	0
0	0	0	0	18	12	0	0	15	0	0	0	38	0	0	0	20	0	0	0	0	0	14	0	0	0	0	0	0	0	0	0	22	0	0	17	34	40	0	0	0	0	12	0	0	0	37	0	33	0	0	0	0	0	0	0	0	0	0	0	0	0	0	22	0	0	0	0	0	0	0	0	0	36	0	38	0	0	0	0	11	0	0	0	0	0	0	25	0	0	0	0	0	0	0	0	0	0	0	0
36	0	37	44	0	0	0	0	0	0	0	0	12	0	0	0	0	0	33	49	0	0	0	0	0	0	0	0	0	0	0	0	26	0	0	0	0	0	0	0	0	14	29	40	0	0	44	0	0	0	24	13	0	0	0	0	0	0	0	26	0	24	0	0	0	16	0	0	0	18	0	21	0	44	0	0	0	0	0	0	29	0	0	46	0	0	24	0	0	0	0	0	0	0	35	48	0	0	32	32
0	0	0	45	0	0	0	0	43	0	23	0	0	0	0	0	0	0	0	0	0	0	0	41	0	11	47	0	18	0	0	0	0	0	0	0	0	0	0	0	0	0	0	40	0	0	0	0	0	41	0	0	0	0	0	0	0	0	47	0	0	25	0	0	0	26	0	0	0	0	0	0	24	0	0	0	0	0	0	11	0	47	0	0	44	0	37	0	0	0	0	23	0	0	25	34	0	0	0	0
0	0	36	0	40	0	0	43	35	0	0	0	0	0	15	0	0	0	0	0	39	0	0	0	0	0	0	0	19	0	50	0	0	0	14	0	28	0	0	0	0	37	28	0	0	0	0	40	0	0	0	0	0	19	12	0	0	0	0	0	40	45	0	0	0	0	30	0	0	0	0	0	0	0	0	0	0	0	0	0	47	0	0	24	0	30	0	0	0	0	46	29	0	10	0	0	0	49	0	0
0	49	0	38	10	0	42	14	0	0	38	19	0	0	50	0	0	0	0	0	0	32	0	0	0	0	0	0	0	0	10	0	0	0	0	0	41	0	0	0	0	0	40	28	0	0	37	0	0	0	0	0	0	0	0	0	0	0	0	27	18	0	0	0	0	0	0	39	22	0	0	0	32	0	0	0	0	20	0	0	26	0	12	37	0	38	0	0	0	0	0	11	14	0	0	0	0	0	24	0
0	0	0	26	0	0	0	0	14	0	0	0	0	0	16	15	0	0	0	0	0	0	33	28	27	0	0	46	0	18	13	0	0	50	0	0	27	33	46	0	0	0	23	0	47	0	11	0	0	0	0	0	0	0	13	43	0	0	29	43	0	0	42	0	0	0	0	0	0	0	0	0	0	0	0	50	0	16	45	0	0	27	0	49	0	0	0	0	0	0	0	0	28	0	0	0	0	28	0	41
0	0	0	0	0	0	0	0	0	38	0	0	0	0	10	50	0	0	0	0	0	0	0	0	0	0	0	0	41	0	0	11	0	0	0	0	0	0	0	0	0	0	50	0	0	0	0	0	0	0	0	0	24	0	0	0	0	0	0	0	0	0	36	0	0	0	0	0	0	23	0	0	0	0	0	0	0	0	29	0	0	48	0	10	0	0	29	34	0	0	15	0	0	0	0	43	44	0	0	16
0	0	17	0	0	0	49	0	0	0	0	0	19	32	0	0	0	0	0	0	21	44	0	0	0	0	0	0	0	0	0	0	10	0	0	0	46	0	35	0	0	0	0	16	0	0	0	45	0	21	0	0	0	47	15	0	25	0	0	40	0	0	0	0	0	35	0	30	0	0	0	17	37	0	0	0	0	0	0	0	42	0	0	0	0	27	0	0	0	0	31	0	0	0	0	0	0	0	0	20
0	0	0	0	33	0	0	38	0	19	30	0	0	0	0	0	0	0	0	20	20	30	0	0	0	0	0	0	0	42	0	0	15	0	21	30	0	31	38	0	27	0	0	0	0	0	0	35	0	0	0	0	10	40	0	0	0	0	0	0	0	0	0	25	0	32	0	0	0	32	0	26	0	0	0	0	0	0	0	0	0	0	33	40	23	40	0	0	0	35	47	0	0	0	0	0	0	19	0	0
0	0	0	0	0	0	0	0	0	18	0	0	0	0	0	0	0	0	0	0	0	32	0	0	33	0	0	0	0	0	0	0	14	0	16	0	0	0	0	0	18	0	38	0	0	0	0	0	22	0	0	0	0	0	0	49	50	0	0	0	0	0	0	0	39	0	0	0	33	16	26	0	0	0	0	32	17	0	0	0	0	0	26	0	0	0	0	0	38	0	0	42	0	45	18	0	0	0	43	0
0	38	0	0	0	0	46	0	11	0	24	0	0	28	44	0	0	0	22	0	46	0	0	0	0	0	0	33	0	0	0	15	41	0	35	0	0	0	26	25	28	0	0	0	11	40	0	0	0	0	45	0	42	0	0	0	0	50	0	0	0	49	0	0	0	0	0	0	0	0	0	0	0	28	0	0	0	0	0	0	0	0	0	22	0	0	0	0	0	0	11	0	0	0	0	0	0	0	0	0
15	19	0	0	0	0	0	0	0	40	0	47	0	0	0	0	0	0	0	0	0	22	0	48	0	22	0	0	0	0	0	0	0	21	0	0	0	0	0	0	28	0	0	0	0	0	0	0	49	44	0	0	0	33	0	0	0	0	48	0	0	50	0	0	0	0	36	0	0	0	31	0	10	0	0	28	0	25	0	25	31	19	0	14	0	20	31	43	0	0	0	0	38	0	0	0	0	0	0	0
0	0	0	0	0	0	35	24	24	21	0	44	0	23	0	0	0	0	47	0	0	0	0	0	0	36	0	0	0	0	0	0	0	0	0	0	0	0	0	0	0	0	0	0	0	0	0	0	0	36	30	0	0	31	0	0	0	0	0	38	30	0	0	0	0	0	0	0	0	0	15	0	0	0	0	0	0	0	0	14	0	0	0	33	0	44	0	0	28	0	12	0	0	33	0	11	0	0	0	0
0	15	0	0	0	0	0	0	46	0	0	23	23	0	0	0	0	0	46	41	0	0	22	14	0	0	0	0	0	50	36	32	0	0	45	0	45	0	0	0	36	0	0	0	34	0	0	0	35	0	0	0	46	0	0	0	0	0	21	0	0	33	0	0	0	0	0	0	0	29	0	0	0	0	0	16	0	0	0	0	0	0	0	0	0	0	0	0	0	25	0	0	0	31	0	0	38	0	0	49
0	0	0	0	0	0	28	0	35	0	0	27	10	0	0	0	0	0	0	0	0	0	39	0	0	0	0	0	0	0	23	0	0	0	0	0	24	0	0	35	0	24	0	0	0	0	0	0	0	0	20	0	36	0	0	0	0	0	0	32	0	0	0	0	0	37	0	0	0	0	48	0	0	0	0	0	33	0	23	0	0	36	0	0	0	0	41	0	46	0	0	41	0	31	12	0	0	41	24	0
0	0	0	0	0	37	36	30	0	0	41	0	0	0	0	48	50	0	38	0	0	24	0	0	0	0	29	0	0	17	0	0	0	0	0	0	22	26	0	0	0	45	0	0	35	0	11	0	0	0	0	0	0	49	11	0	0	0	10	0	36	0	38	0	42	0	0	40	0	0	0	25	0	0	0	0	0	0	0	0	0	0	0	0	18	0	0	0	0	0	0	31	11	13	0	0	0	0	43	0
0	0	0	0	0	0	0	0	0	0	15	0	34	0	0	0	0	0	18	0	40	0	0	49	26	0	0	0	10	40	0	0	0	0	0	0	20	36	0	44	33	0	0	0	21	14	40	0	30	39	0	0	0	0	0	0	0	0	0	0	0	11	0	24	0	0	0	0	0	11	0	0	0	0	0	0	0	0	44	0	0	0	18	0	13	0	47	0	0	31	48	18	0	0	0	0	10	23	0	0
21	0	0	0	32	0	16	23	0	0	0	0	0	0	37	0	0	0	0	0	20	0	0	0	0	0	0	0	0	0	40	0	37	35	0	0	0	0	0	20	0	0	0	0	0	32	0	0	0	40	0	0	0	0	37	0	0	39	0	0	0	20	0	0	0	0	47	0	0	13	0	49	34	0	0	0	0	0	13	0	0	0	0	50	17	0	0	0	0	0	0	0	42	0	0	0	0	45	0	0
0	44	0	0	30	50	0	0	12	0	0	0	0	0	47	0	10	0	0	0	32	0	0	0	48	0	44	33	0	0	0	0	0	50	12	0	0	0	0	0	0	0	0	0	0	0	0	0	0	33	0	0	0	22	38	0	0	0	48	0	0	0	43	11	0	0	0	0	0	13	0	0	44	24	0	0	36	0	0	46	0	0	0	29	0	0	41	0	47	0	0	0	33	0	0	43	0	0	0	40
18	0	0	0	26	0	0	0	0	0	0	40	0	11	0	0	0	0	0	0	0	0	0	43	0	0	14	0	0	39	0	42	0	0	0	0	0	42	0	16	0	20	0	0	0	0	0	0	37	0	41	0	0	0	0	0	0	0	0	0	0	45	45	0	0	10	11	0	0	0	0	0	0	0	41	0	0	32	0	0	0	41	0	0	35	0	36	0	0	0	0	0	0	0	0	0	26	0	0	0
49	20	0	0	0	0	0	45	0	39	0	35	0	0	22	0	0	39	0	0	0	0	0	0	38	0	0	0	0	28	0	0	33	12	0	0	0	14	0	0	0	0	11	0	0	0	0	0	0	0	13	0	0	0	0	0	0	0	18	23	0	0	0	0	0	0	0	0	33	14	0	0	27	0	22	0	0	0	0	0	0	13	29	0	0	11	0	0	49	0	0	0	35	44	13	0	24	0	10	0
14	0	27	48	0	0	0	40	19	31	0	0	24	0	0	46	0	0	0	0	0	0	0	0	0	0	0	0	0	45	47	22	0	0	0	0	0	0	13	22	0	0	0	0	0	16	0	0	0	0	0	0	0	0	0	0	0	0	11	0	0	0	18	0	0	0	0	50	0	30	0	46	0	0	0	20	0	10	0	40	19	24	0	39	17	0	0	0	0	0	0	0	0	0	0	0	0	0	0	0
																																																																																																			
8	9	10	11	12	13	14	15	16	17	18	19	20	21	22	23	24	25	26	27																																																																																
9	8	9	10	11	12	13	14	15	16	17	18	19	20	21	22	23	24	25	26																																																																																
10	9	8	9	10	11	12	13	14	15	16	17	18	19	20	21	22	23	24	25																																																																																
11	10	9	8	9	10	11	12	13	14	15	16	17	18	19	20	21	22	23	24																																																																																
12	11	10	9	8	9	10	11	12	13	14	15	16	17	18	19	20	21	22	23																																																																																
13	12	11	10	9	8	9	10	11	12	13	14	15	16	17	18	19	20	21	22																																																																																
14	13	12	11	10	9	8	9	10	11	12	13	14	15	16	17	18	19	20	21																																																																																
15	14	13	12	11	10	9	8	9	10	11	12	13	14	15	16	17	18	19	20																																																																																
16	15	14	13	12	11	10	9	8	9	10	11	12	13	14	15	16	17	18	19																																																																																
17	16	15	14	13	12	11	10	9	8	9	10	11	12	13	14	15	16	17	18																																																																																
18	17	16	15	14	13	12	11	10	9	8	9	10	11	12	13	14	15	16	17																																																																																
19	18	17	16	15	14	13	12	11	10	9	8	9	10	11	12	13	14	15	16																																																																																
20	19	18	17	16	15	14	13	12	11	10	9	8	9	10	11	12	13	14	15																																																																																
21	20	19	18	17	16	15	14	13	12	11	10	9	8	9	10	11	12	13	14																																																																																
22	21	20	19	18	17	16	15	14	13	12	11	10	9	8	9	10	11	12	13																																																																																
23	22	21	20	19	18	17	16	15	14	13	12	11	10	9	8	9	10	11	12																																																																																
24	23	22	21	20	19	18	17	16	15	14	13	12	11	10	9	8	9	10	11																																																																																
25	24	23	22	21	20	19	18	17	16	15	14	13	12	11	10	9	8	9	10																																																																																
26	25	24	23	22	21	20	19	18	17	16	15	14	13	12	11	10	9	8	9																																																																																
27	26	25	24	23	22	21	20	19	18	17	16	15	14	13	12	11	10	9	8																																																																																
																																																																																																			
1006	760	679	781	706	615	690	611	1003	1047	678	751	972	566	684	824	865	767	613	829	697	570	557	773	667	960	657	820	826	508	512	713	823	985	888	1060	977	792	869	761	796	821	574	781	949	791	782	501	728	893	709	401	850	869	516	692	796	763	985	877	721	828	688	751	496	791	801	655	787	735	522	471	658	933	579	1013	774	686	444	796	652	805	768	927	551	721	831	665	760	837	609	831	746	856	807	759	1003	711	763	738
																																																																																																			
4336	4336	4336	4336	4336	4336	4336	4336	4336	4336	4336	4336	4336	4336	4336	4336	4336	4336	4336	4336																																																																																
																																																																																																			
796	921	999	759	646	867	981	964	849	560	796	964	766	956	828	791	535	710	762	721	675	796	739	856	830	669	672	590	556	633	936	604	626	911	749	561	875	904	604	742	453	919	773	691	739	600	849	893	821	911	995	625	916	924	521	785	527	624	918	606	745	642	707	583	580	1056	749	779	551	964	907	757	747	679	592	734	664	973	621	675	882	1093	547	892	872	751	741	588	722	757	737	720	648	540	706	818	739	768	782	608
																																																																																																			
4336	4336	4336	4336	4336	4336	4336	4336	4336	4336	4336	4336	4336	4336	4336	4336	4336	4336	4336	4336																																																																																
