15	6	6	15

40	0	14	39	0	0	0	0	0	0	13	17	44	0	44	
0	0	12	0	0	49	0	16	0	0	0	0	0	13	0	
0	0	0	0	0	36	0	0	35	0	0	0	0	0	10	
0	0	0	0	0	0	14	0	0	0	0	0	0	0	0	
0	0	50	0	0	0	0	10	0	0	25	31	41	0	0	
0	0	0	0	44	0	0	0	0	0	0	0	0	0	45	
0	0	0	14	28	0	0	0	38	0	0	19	0	0	0	
0	13	0	0	0	0	41	0	0	0	0	0	39	16	0	
0	0	0	0	29	0	0	0	0	0	44	0	23	0	35	
21	0	0	0	28	0	0	0	19	0	0	0	0	0	0	
0	38	0	27	0	0	0	0	29	0	0	34	11	0	0	
0	0	0	47	0	0	0	0	0	21	0	35	0	0	12	
0	0	0	0	0	0	0	18	10	0	0	0	0	0	36	
0	0	0	0	15	0	0	0	0	0	29	0	0	33	0	
14	20	28	0	0	0	34	0	0	0	0	0	28	0	0	

8	9	10	11	12	13	
9	8	9	10	11	12	
10	9	8	9	10	11	
11	10	9	8	9	10	
12	11	10	9	8	9	
13	12	11	10	9	8	

211	90	81	14	157	89	99	109	131	68	139	115	64	77	124	

314	314	314	314	314	314	

75	71	104	127	144	85	89	44	131	21	111	136	186	62	182	

314	314	314	314	314	314	
