15	7	7	15

0	31	0	0	0	0	38	39	0	0	0	0	0	0	22	
0	0	23	0	0	0	0	0	24	0	0	0	0	20	17	
0	0	0	15	0	0	18	30	0	0	0	0	0	0	0	
43	40	0	0	0	28	15	0	26	0	31	0	0	0	50	
0	0	21	0	0	0	20	12	38	0	12	0	0	0	0	
0	46	0	0	0	0	0	0	0	38	0	0	0	0	34	
0	0	31	0	0	0	0	0	0	0	0	0	31	0	0	
0	0	0	0	0	0	0	0	16	0	0	0	23	23	0	
0	0	20	20	0	39	0	31	0	0	11	17	0	0	0	
38	0	0	0	0	49	0	0	0	0	0	0	0	0	42	
0	0	0	0	0	0	0	0	0	0	0	25	0	0	0	
0	0	0	0	0	0	0	32	0	0	0	45	0	0	43	
0	0	33	0	0	14	30	0	0	0	16	0	0	0	0	
31	0	0	0	34	30	0	34	14	0	0	0	0	23	0	
0	41	0	0	0	0	0	0	0	0	32	0	25	0	0	

8	9	10	11	12	13	14	
9	8	9	10	11	12	13	
10	9	8	9	10	11	12	
11	10	9	8	9	10	11	
12	11	10	9	8	9	10	
13	12	11	10	9	8	9	
14	13	12	11	10	9	8	

130	84	63	233	103	118	62	62	138	129	25	120	93	166	98	

256	256	256	256	256	256	256	

112	158	128	35	34	160	121	178	118	38	102	87	79	66	208	

256	256	256	256	256	256	256	
