12	5	5	12

0	0	0	10	0	0	36	0	0	0	21	0	
0	0	0	0	0	16	0	15	0	0	0	0	
0	0	0	0	0	0	0	0	23	0	23	0	
27	24	0	0	0	11	0	0	0	0	0	0	
25	11	0	30	0	0	0	0	0	27	0	0	
0	0	0	10	25	0	0	12	0	0	0	0	
0	18	21	0	0	0	0	32	0	0	0	40	
0	0	28	0	18	38	0	0	21	0	0	0	
24	0	39	0	0	16	43	0	15	0	0	0	
23	39	0	0	0	0	0	0	33	0	0	37	
0	0	0	0	0	0	0	0	16	0	0	0	
0	0	0	0	31	0	0	0	0	0	0	48	

8	9	10	11	12	
9	8	9	10	11	
10	9	8	9	10	
11	10	9	8	9	
12	11	10	9	8	

67	31	46	62	93	47	111	105	137	132	16	79	

241	241	241	241	241	

99	92	88	50	74	81	79	59	108	27	44	125	

241	241	241	241	241	
