20	10	10	20

50	24	0	13	0	0	0	0	22	42	0	0	0	0	0	0	0	0	0	46	
0	0	0	0	0	0	43	0	0	0	26	18	42	48	0	0	49	0	0	0	
29	0	0	0	0	0	0	0	0	0	0	0	0	0	0	0	39	0	0	50	
10	21	0	0	0	0	22	21	37	0	12	0	37	0	0	44	0	0	0	0	
0	34	0	0	0	0	0	0	0	41	0	11	0	26	0	33	0	0	0	0	
0	0	0	0	39	36	0	0	16	0	47	0	19	0	0	0	0	0	0	11	
0	41	47	27	0	0	0	0	0	38	27	0	0	0	0	0	0	0	43	0	
0	0	0	0	16	30	32	0	43	0	0	0	10	32	0	0	0	26	0	0	
0	0	0	0	11	0	0	0	0	0	0	0	0	27	40	0	0	0	0	0	
0	0	0	0	0	0	0	0	0	0	0	0	0	26	14	0	0	21	0	0	
0	0	0	0	0	0	45	0	0	0	0	0	0	0	0	19	0	20	0	40	
29	0	0	0	0	12	0	0	0	0	29	0	0	0	0	0	23	0	33	0	
0	0	0	0	0	0	27	0	11	0	0	0	0	0	15	0	0	0	20	0	
0	0	0	0	0	0	0	0	0	0	47	25	0	0	0	0	0	43	0	0	
0	0	0	0	0	27	0	0	0	0	47	0	0	19	0	0	0	0	0	0	
0	15	0	0	45	0	0	0	0	0	0	39	36	27	0	0	0	47	0	0	
0	0	0	0	0	0	0	0	26	0	0	0	49	0	0	37	0	0	0	0	
0	50	29	0	0	0	20	50	0	0	0	0	0	0	0	0	0	31	0	0	
0	0	0	50	45	26	0	0	0	14	0	24	0	0	0	0	0	15	0	32	
0	0	0	40	27	0	27	25	16	0	0	0	0	0	44	12	31	0	0	0	

8	9	10	11	12	13	14	15	16	17	
9	8	9	10	11	12	13	14	15	16	
10	9	8	9	10	11	12	13	14	15	
11	10	9	8	9	10	11	12	13	14	
12	11	10	9	8	9	10	11	12	13	
13	12	11	10	9	8	9	10	11	12	
14	13	12	11	10	9	8	9	10	11	
15	14	13	12	11	10	9	8	9	10	
16	15	14	13	12	11	10	9	8	9	
17	16	15	14	13	12	11	10	9	8	

197	226	118	204	145	168	223	189	78	61	124	126	73	115	93	209	112	180	206	222	

369	369	369	369	369	369	369	369	369	369	

118	185	76	130	183	131	216	96	171	135	235	117	193	205	113	145	142	203	96	179	

369	369	369	369	369	369	369	369	369	369	
