12	6	6	12

0	34	24	0	0	0	0	0	44	36	48	0	
0	0	0	47	0	0	0	0	21	0	0	0	
0	0	0	0	0	0	30	0	0	0	0	0	
17	0	0	0	0	0	0	0	0	0	0	22	
24	0	0	0	16	0	0	0	0	0	0	49	
0	0	28	0	0	50	28	0	0	0	0	27	
0	0	33	0	45	0	0	26	0	0	0	0	
0	31	0	22	0	0	0	39	0	0	0	12	
0	0	0	0	47	31	0	0	0	0	48	0	
0	24	0	13	0	0	50	0	0	0	0	0	
0	0	0	0	0	0	0	29	0	44	0	0	
0	0	31	35	38	0	0	10	31	0	0	0	

8	9	10	11	12	13	
9	8	9	10	11	12	
10	9	8	9	10	11	
11	10	9	8	9	10	
12	11	10	9	8	9	
13	12	11	10	9	8	

186	68	30	39	89	133	104	104	126	87	73	145	

237	237	237	237	237	237	

41	89	116	117	146	81	108	104	96	80	96	110	

237	237	237	237	237	237	
